1 0.03672985781990521 0.26224328593996843 0.06872037914691943 0.12006319115323855
1 0.04028436018957345 0.3507109004739336 0.06398104265402843 0.11163770405476565
0 0.043838862559241715 0.4549763033175356 0.06398104265402843 0.11374407582938381
1 0.2719194312796208 0.47604002106371773 0.06516587677725116 0.11795681937862028
1 0.2683649289099526 0.3728278041074249 0.0651658767772512 0.10953133228014743
0 0.26540284360189575 0.27804107424960506 0.07345971563981042 0.1221695629278567
1 0.49052132701421797 0.49078462348604524 0.06398104265402843 0.10953133228014736
1 0.4976303317535545 0.39389152185360715 0.06161137440758289 0.1095313322801475
0 0.4893364928909953 0.29489204844655076 0.06872037914691945 0.11374407582938385
0 0.7280805687203791 0.517114270668773 0.05805687203791465 0.11585044760400208
0 0.7120853080568721 0.41179568193786203 0.06161137440758296 0.11585044760400208
1 0.7417061611374407 0.3222748815165877 0.06635071090047376 0.1095313322801475
