2 0.5986394557823128 0.9070294784580498 0.14965986394557823 0.16931216931216908
2 0.7108843537414965 0.7543461829176116 0.1462585034013606 0.25094482237339377
2 0.8052721088435374 0.6061980347694632 0.13775510204081615 0.2328042328042328
2 0.8681972789115647 0.4429327286470143 0.1377551020408165 0.2146636432350718
2 0.6887755102040817 0.4807256235827665 0.13265306122448978 0.21768707482993188
2 0.5935374149659863 0.6152683295540434 0.13605442176870744 0.24489795918367327
2 0.4914965986394557 0.7800453514739228 0.1428571428571427 0.25396825396825373
2 0.4889455782312924 0.4746787603930463 0.13095238095238093 0.22978080120937258
2 0.38860544217687065 0.618291761148904 0.13775510204081626 0.24489795918367338
2 0.29676870748299317 0.4595616024187453 0.13095238095238096 0.22978080120937264
0 0.40221088435374147 0.3310657596371882 0.13435374149659865 0.23280423280423274
0 0.6011904761904762 0.3265306122448979 0.1275510204081632 0.21768707482993196
0 0.7678571428571428 0.30536659108087677 0.13095238095238115 0.21164021164021166
0 0.6649659863945578 0.18594104308390022 0.11904761904761899 0.20861678004535147
0 0.4906462585034012 0.20408163265306117 0.12074829931972778 0.2086167800453514
0 0.5739795918367345 0.08616780045351476 0.11394557823129241 0.1723356009070295
