0 0.4659863945578233 0.37944066515495095 0.11564625850340143 0.21466364323507173
0 0.4472789115646259 0.12698412698412698 0.11224489795918366 0.19349962207105062
0 0.3801020408163264 0.270597127739985 0.11734693877551028 0.1965230536659109
0 0.3579931972789116 0.07407407407407408 0.10374149659863949 0.14210128495842783
0 0.2874149659863946 0.17082388510959945 0.11224489795918363 0.19652305366591086
2 0.5552721088435374 0.5018896447467873 0.12414965986394534 0.2176870748299318
2 0.6301020408163265 0.36281179138321984 0.12074829931972797 0.20559334845049132
2 0.685374149659864 0.22524565381708236 0.11224489795918373 0.18442932728647013
2 0.7363945578231292 0.11337868480725623 0.10884353741496611 0.1783824640967498
2 0.5365646258503398 0.25245653817082386 0.11394557823129194 0.20256991685563122
2 0.5952380952380952 0.1254724111866969 0.10884353741496604 0.19047619047619052
2 0.6369047619047618 0.051398337112622816 0.10374149659863942 0.10279667422524563
2 0.5187074829931969 0.0604686318972033 0.10544217687074824 0.1209372637944066
