2 0.357142857142857 0.6969009826152682 0.13605442176870733 0.24489795918367352
2 0.49489795918367335 0.743764172335601 0.1360544217687075 0.2479213907785336
2 0.6318027210884353 0.7694633408919122 0.13435374149659882 0.23885109599395313
2 0.7661564625850338 0.8072562358276645 0.13095238095238088 0.24792139077853348
2 0.7721088435374149 0.5608465608465609 0.1258503401360545 0.22071050642479215
2 0.6462585034013606 0.54572940287226 0.1258503401360543 0.21466364323507178
2 0.5187074829931974 0.5230536659108082 0.12585034013605442 0.21164021164021152
2 0.7789115646258504 0.36432350718064993 0.11904761904761896 0.18442932728647
2 0.6675170068027211 0.36130007558578986 0.11734693877551035 0.19047619047619047
2 0.7670068027210886 0.20105820105820116 0.1122448979591836 0.17233560090702948
0 0.39285714285714285 0.48374905517762656 0.1258503401360545 0.21768707482993185
0 0.42431972789115635 0.29780801209372637 0.12074829931972784 0.19047619047619044
0 0.552721088435374 0.3174603174603174 0.11904761904761903 0.19954648526077093
0 0.6590136054421768 0.1753590325018897 0.10714285714285707 0.18745275888133037
0 0.5501700680272108 0.14814814814814808 0.11394557823129255 0.16931216931216928
0 0.4362244897959184 0.126984126984127 0.11054421768707484 0.18140589569160998
