1 0.1753554502369668 0.2896261190100053 0.061611374407582936 0.1032122169562928
1 0.18187203791469195 0.37282780410742494 0.06042654028436019 0.10531858873091096
0 0.1765402843601896 0.4591890468667719 0.06161137440758296 0.10531858873091096
0 0.3856635071090047 0.296998420221169 0.06042654028436019 0.0968931016324381
1 0.38981042654028436 0.38757240652975256 0.05687203791469202 0.10531858873091103
1 0.389218009478673 0.490784623486045 0.06753554502369664 0.11374407582938365
0 0.6042654028436019 0.315955766192733 0.059241706161137414 0.11374407582938392
1 0.6149289099526066 0.41074249605055285 0.05924170616113748 0.10953133228014743
1 0.5983412322274881 0.5150078988941549 0.05687203791469187 0.10742496050552923
1 0.8732227488151659 0.3486045286993154 0.0663507109004739 0.11585044760400212
0 0.8364928909952606 0.44128488678251704 0.0639810426540285 0.11585044760400208
0 0.8495260663507108 0.5423907319641917 0.06161137440758282 0.12006319115323855
