1 0.004739336492890996 0.28246445176223506 0.009478672985781991 0.08467613891151593
1 0.010071090047393365 0.36987888040889116 0.02014218009478673 0.08678251068613413
0 0.008886255924170616 0.46571879615402023 0.017772511848341232 0.09647183370565095
0 0.21149289099526064 0.28962611901000523 0.07227488151658765 0.12006319115323855
1 0.22037914691943128 0.37914691943127965 0.0687203791469194 0.09689310163243803
1 0.21860189573459712 0.4844655081621906 0.06516587677725116 0.1137440758293839
0 0.4401658767772512 0.3012111637704055 0.06516587677725127 0.11795681937862032
1 0.45082938388625593 0.39599789362822535 0.06042654028436019 0.09268035808320171
1 0.4413507109004739 0.4960505529225908 0.05331753554502363 0.11585044760400208
1 0.6901658767772512 0.31279620853080575 0.058056872037914646 0.11585044760400212
0 0.6652843601895735 0.40231700895208006 0.05805687203791457 0.10110584518167463
0 0.6753554502369669 0.5023696682464456 0.0639810426540285 0.09899947340705637
