0 0.518707482993197 0.24943310657596368 0.08843537414965982 0.166288737717309
0 0.6062925170068028 0.2781557067271353 0.0935374149659863 0.17535903250188967
0 0.7006802721088435 0.3189720332577475 0.09863945578231295 0.20256991685563114
0 0.6437074829931972 0.1798941798941799 0.08673469387755105 0.11791383219954649
0 0.744047619047619 0.2222222222222222 0.09693877551020406 0.15419501133786848
0 0.7865646258503406 0.14663643235071797 0.08673469387755134 0.12396069538926667
2 0.44132653061224486 0.21012849584278157 0.08673469387755098 0.16628873771730915
2 0.4923469387755102 0.12849584278155707 0.08333333333333336 0.10582010582010583
2 0.5688775510204083 0.1421012849584278 0.08333333333333336 0.10279667422524563
2 0.7006802721088435 0.11337868480725623 0.08503401360544217 0.11186696900982614
2 0.8180272108843538 0.11186696900982614 0.07823129251700683 0.13907785336356762
2 0.5493197278911565 0.07709750566893424 0.07482993197278909 0.0876795162509448
2 0.6198979591836735 0.08314436885865457 0.0731292517006802 0.09977324263038549
2 0.739795918367347 0.06046863189720333 0.07482993197278902 0.09070294784580499
2 0.6632653061224489 0.036281179138321996 0.07142857142857145 0.06651549508692366
2 0.5935374149659863 0.02872260015117158 0.07142857142857154 0.05139833711262282
