0 0.4574829931972789 0.4444444444444444 0.09863945578231269 0.17535903250188947
0 0.6938775510204082 0.37641723356009066 0.10204081632653057 0.18442932728647016
0 0.619047619047619 0.4414210128495843 0.10884353741496597 0.18140589569161
0 0.5331632653061225 0.5321239606953894 0.11054421768707483 0.2055933484504914
0 0.39285714285714285 0.38095238095238093 0.09863945578231295 0.18140589569160995
0 0.5289115646258503 0.35374149659863946 0.09863945578231295 0.15117157974300835
2 0.760204081632653 0.3235071806500378 0.09183673469387756 0.1753590325018897
2 0.6870748299319726 0.2297808012093726 0.0884353741496599 0.10884353741496598
2 0.6173469387755103 0.2872260015117159 0.09183673469387735 0.11489040060468629
2 0.6215986394557823 0.1889644746787603 0.07653061224489795 0.1058201058201058
2 0.5595238095238096 0.1345427059712774 0.07482993197278923 0.08163265306122447
2 0.5527210884353742 0.2252456538170824 0.08503401360544217 0.10582010582010583
2 0.4753401360544218 0.2811791383219955 0.08333333333333336 0.126984126984127
2 0.48724489795918374 0.18745275888133028 0.07993197278911574 0.108843537414966
2 0.4098639455782313 0.23733938019652306 0.07823129251700661 0.11186696900982614
2 0.3401360544217687 0.31141345427059713 0.09523809523809526 0.16326530612244894
