2 0.3248299319727896 0.4338624338624335 0.12585034013605456 0.22071050642479187
2 0.8112244897959185 0.7739984882842027 0.1462585034013607 0.2539682539682539
2 0.6802721088435374 0.834467120181406 0.14285714285714285 0.2600151171579742
2 0.5340136054421769 0.8450491307634165 0.14285714285714288 0.2569916855631141
2 0.36309523809523797 0.8749055177626605 0.14795918367346955 0.25018896447467875
2 0.6190476190476191 0.606198034769463 0.13605442176870752 0.20256991685563064
2 0.48384353741496594 0.6243386243386243 0.1343537414965985 0.23280423280423285
2 0.34608843537414963 0.6409674981103557 0.1377551020408164 0.23582766439909353
2 0.45663265306122447 0.41269841269841273 0.12755102040816316 0.20861678004535159
2 0.32057823129251695 0.2464096749811035 0.11394557823129245 0.19047619047619044
0 0.7644557823129251 0.5532879818594103 0.1343537414965981 0.22978080120937264
0 0.7151360544217689 0.35222978080120926 0.12414965986394581 0.20861678004535134
0 0.6028911564625852 0.4036281179138321 0.1275510204081631 0.2086167800453514
0 0.6785714285714286 0.18140589569160998 0.11564625850340135 0.19349962207105065
0 0.5552721088435373 0.2222222222222222 0.11394557823129242 0.20861678004535153
0 0.4404761904761905 0.2312925170068027 0.11904761904761905 0.1965230536659108
