0 0.7653061224489796 0.3295540438397581 0.10204081632653055 0.19349962207105054
0 0.6624149659863947 0.3613000755857898 0.10374149659863947 0.19652305366591072
0 0.5501700680272108 0.3915343915343915 0.10714285714285708 0.20861678004535145
0 0.6113945578231292 0.22978080120937264 0.09693877551020393 0.13303099017384729
0 0.5170068027210881 0.27815570672713535 0.09523809523809514 0.15117157974300835
0 0.48894557823129253 0.20105820105820102 0.08673469387755088 0.14814814814814814
2 0.8630952380952381 0.3129251700680272 0.10374149659863946 0.18442932728647016
2 0.8154761904761905 0.19652305366591083 0.09353741496598644 0.12093726379440665
2 0.7202380952380952 0.2146636432350718 0.09353741496598644 0.126984126984127
2 0.7653061224489796 0.11791383219954649 0.08503401360544217 0.10279667422524565
2 0.6785714285714286 0.1345427059712774 0.08503401360544217 0.11186696900982614
2 0.5875850340136054 0.14965986394557823 0.08673469387755098 0.10582010582010583
2 0.46768707482993194 0.12244897959183675 0.08503401360544224 0.12396069538926682
2 0.7253401360544217 0.05442176870748299 0.08333333333333329 0.08465608465608465
2 0.6301020408163266 0.07860922146636433 0.0799319727891156 0.10279667422524566
2 0.5476190476190476 0.08767951625094483 0.08163265306122447 0.09070294784580499
