2 0.4965986394557823 0.8994708994708993 0.14965986394557826 0.19047619047619077
2 0.6437074829931972 0.7906273620559335 0.14795918367346933 0.2630385487528345
2 0.7627551020408161 0.6757369614512472 0.141156462585034 0.24489795918367324
2 0.8511904761904762 0.5396825396825397 0.13775510204081626 0.2328042328042328
2 0.6564625850340134 0.5124716553287981 0.13605442176870747 0.2267573696145124
2 0.5408163265306122 0.6137566137566138 0.13605442176870755 0.24187452758881356
2 0.41581632653061235 0.7286470143612999 0.14115646258503398 0.25396825396825395
2 0.45578231292516996 0.4338624338624338 0.1326530612244895 0.22071050642479206
2 0.3392857142857142 0.5442176870748296 0.1343537414965985 0.24187452758881314
2 0.28061224489795916 0.36281179138321945 0.1326530612244897 0.22978080120937258
0 0.766156462585034 0.3703703703703704 0.1241496598639455 0.22071050642479212
0 0.6777210884353742 0.22373393801965233 0.11734693877551017 0.217687074829932
0 0.5926870748299319 0.3340891912320484 0.13095238095238088 0.2267573696145125
0 0.3937074829931973 0.2675736961451247 0.12414965986394563 0.22071050642479215
0 0.49659863945578225 0.1783824640967498 0.12244897959183668 0.21164021164021166
0 0.6011904761904762 0.0831443688586546 0.1105442176870749 0.1662887377173092
