0 0.0693440082644628 0.1949035812672176 0.04106404958677686 0.06473829201101924
0 0.11854338842975207 0.19696969696969696 0.040289256198347105 0.06060606060606059
0 0.9258780991735537 0.227961432506887 0.03564049586776846 0.059228650137741
0 0.9344008264462809 0.18044077134986225 0.02944214876033058 0.024793388429752063
1 0.4346590909090909 0.24173553719008262 0.024793388429752098 0.0702479338842975
1 0.4648760330578512 0.1928374655647383 0.021694214876033017 0.02203856749311296
1 0.4927685950413223 0.20798898071625338 0.02634297520661157 0.02203856749311296
1 0.5264721074380165 0.16873278236914596 0.0255681818181818 0.02892561983471074
1 0.5539772727272727 0.17906336088154265 0.02479338842975203 0.019283746556473816
1 0.6051136363636362 0.2348484848484848 0.03409090909090899 0.06749311294765839
2 0.40986570247933884 0.23140495867768593 0.020144628099173546 0.07162534435261708
2 0.39165805785123964 0.21349862258953167 0.008522727272727338 0.06611570247933887
2 0.47494834710743805 0.2589531680440771 0.03564049586776868 0.07988980716253444
2 0.5179493801652892 0.24999999999999997 0.0333161157024793 0.059228650137741
2 0.5648243801652892 0.23691460055096414 0.030991735537189983 0.06336088154269973
2 0.4447314049586777 0.17975206611570244 0.023243801652892557 0.020661157024793403
2 0.48966942148760323 0.17561983471074377 0.02634297520661157 0.017906336088154264
2 0.5163997933884297 0.18939393939393936 0.02401859504132226 0.020661157024793368
2 0.5353822314049587 0.20179063360881538 0.021694214876033017 0.017906336088154264
2 0.5725723140495868 0.19008264462809915 0.030991735537190052 0.016528925619834708
