0 0.014333677685950412 0.4814049586776859 0.025568181818181816 0.09228650137741048
0 0.040289256198347105 0.3581267217630854 0.0402892561983471 0.07713498622589533
0 0.09220041322314049 0.33539944903581265 0.04338842975206611 0.07024793388429754
0 0.8863636363636362 0.24035812672176304 0.037190082644628 0.06749311294765835
0 0.8011363636363636 0.215564738292011 0.03409090909090907 0.056473829201101895
0 0.7945506198347106 0.1707988980716253 0.03486570247933884 0.022038567493112938
1 0.45674070247933884 0.325068870523416 0.03641528925619838 0.04958677685950409
1 0.4586776859504132 0.27617079889807156 0.023243801652892557 0.02892561983471069
1 0.4950929752066115 0.2920110192837465 0.032541322314049596 0.027548209366391133
1 0.48463326446281 0.227961432506887 0.0255681818181818 0.03443526170798897
1 0.5202737603305785 0.23966942148760326 0.02711776859504127 0.02754820936639117
1 0.5931043388429751 0.2851239669421487 0.020919421487603316 0.06060606060606059
2 0.5051652892561983 0.34297520661157016 0.03564049586776846 0.06887052341597791
2 0.4214876033057851 0.3168044077134986 0.02789256198347111 0.07438016528925619
2 0.3928202479338843 0.2947658402203856 0.02479338842975203 0.06611570247933876
2 0.5361570247933883 0.3257575757575757 0.024793388429752098 0.06473829201101931
2 0.5628873966942148 0.3050964187327823 0.024018595041322328 0.06473829201101924
2 0.43155991735537186 0.2658402203856749 0.02479338842975203 0.035812672176308596
2 0.46022727272727265 0.24242424242424243 0.023243801652892485 0.024793388429752063
2 0.4943181818181818 0.2589531680440771 0.024793388429752098 0.02203856749311296
2 0.5253099173553718 0.27341597796143247 0.023243801652892557 0.02892561983471076
2 0.5493285123966942 0.25688705234159775 0.021694214876033086 0.03168044077134986
