2 0.5620748299319726 0.7014361300075584 0.13435374149659865 0.22978080120937272
2 0.6649659863945578 0.6046863189720331 0.13265306122448975 0.22978080120937258
2 0.7576530612244897 0.5049130763416477 0.1275510204081632 0.21164021164021146
2 0.8392857142857142 0.4187452758881331 0.12074829931972801 0.20256991685563122
2 0.5994897959183674 0.4278155706727136 0.12074829931972779 0.19047619047619052
2 0.6862244897959183 0.34467120181405897 0.12074829931972793 0.19349962207105065
2 0.7585034013605442 0.24792139077853365 0.11224489795918373 0.17535903250188967
2 0.6326530612244902 0.19501133786848066 0.10884353741496554 0.16628873771730907
2 0.6964285714285714 0.11791383219954649 0.10034013605442184 0.163265306122449
2 0.6335034013605442 0.04535147392290248 0.09693877551020406 0.09070294784580496
0 0.5008503401360545 0.5124716553287982 0.12414965986394563 0.20861678004535145
0 0.5408163265306123 0.2660619803476946 0.11564625850340143 0.199546485260771
0 0.5552721088435374 0.08012093726379438 0.10034013605442187 0.15419501133786845
0 0.4421768707482993 0.35978835978835977 0.11564625850340135 0.19349962207105062
0 0.38180272108843527 0.217687074829932 0.11394557823129242 0.18140589569161
0 0.4744897959183674 0.14512471655328799 0.10544217687074835 0.1693121693121693
