0 0.6947278911564625 0.5774754346182918 0.12755102040816318 0.20559334845049126
0 0.7091836734693878 0.3960695389266818 0.11904761904761899 0.18745275888133026
0 0.7295918367346934 0.24036281179138322 0.1122448979591837 0.17233560090702946
0 0.595238095238095 0.3537414965986391 0.11904761904761893 0.18745275888133014
0 0.6139455782312926 0.1919879062736206 0.10884353741496607 0.1723356009070296
0 0.516156462585034 0.12698412698412698 0.10714285714285712 0.163265306122449
2 0.6666666666666667 0.7845804988662133 0.13945578231292508 0.2448979591836736
2 0.5365646258503403 0.7195767195767195 0.13435374149659868 0.2358276643990928
2 0.553571428571428 0.5109599395313679 0.1241496598639456 0.19349962207105084
2 0.41666666666666663 0.6198034769463344 0.13265306122448972 0.22373393801965252
2 0.2874149659863946 0.5306122448979592 0.1258503401360544 0.22071050642479206
2 0.44387755102040816 0.4202569916855631 0.11904761904761903 0.18745275888133026
2 0.47874149659863946 0.26606198034769446 0.11054421768707492 0.16931216931216914
2 0.3367346938775513 0.3492063492063492 0.10884353741496643 0.17838246409674968
2 0.3792517006802721 0.198034769463341 0.11224489795918365 0.16628873771730926
2 0.4234693877551021 0.07407407407407407 0.09863945578231288 0.14814814814814814
