0 0.1115702479338843 0.29063360881542694 0.04338842975206612 0.0633608815426997
0 0.061208677685950404 0.3057851239669421 0.0433884297520661 0.06060606060606059
0 0.9270402892561984 0.25826446280991733 0.03641528925619852 0.06749311294765839
0 0.9282024793388429 0.20798898071625346 0.030991735537189983 0.024793388429752063
1 0.45364152892561976 0.34366391184573 0.031766528925619826 0.06198347107438021
1 0.4753357438016529 0.284435261707989 0.028667355371900884 0.0316804407713499
1 0.5009039256198347 0.31404958677685946 0.02866735537190081 0.0275482093663911
1 0.5284090909090908 0.22727272727272727 0.030991735537190125 0.038567493112947666
1 0.5586260330578512 0.25344352617079885 0.024793388429752098 0.030303030303030276
1 0.6159607438016529 0.31611570247933884 0.030991735537190052 0.06473829201101924
2 0.4931559917355372 0.3780991735537189 0.03641528925619831 0.06473829201101922
2 0.5396435950413223 0.3553719008264462 0.02866735537190081 0.06611570247933883
2 0.5795454545454546 0.3360881542699724 0.02944214876033058 0.06887052341597802
2 0.5841942148760331 0.27479338842975204 0.02789256198347104 0.03443526170798901
2 0.421875 0.3243801652892562 0.030216942148760282 0.06749311294765846
2 0.41180268595041325 0.27341597796143247 0.031766528925619826 0.034435261707988975
2 0.4489927685950413 0.2706611570247934 0.017820247933884373 0.04269972451790632
2 0.4935433884297521 0.24586776859504128 0.02634297520661157 0.02892561983471076
2 0.5210485537190083 0.27341597796143247 0.020919421487603316 0.0316804407713499
2 0.5477789256198347 0.2920110192837465 0.02789256198347111 0.041322314049586736
