0 0.40646258503401356 0.3401360544217687 0.0918367346938775 0.1723356009070293
0 0.505952380952381 0.35525321239606955 0.0935374149659864 0.1723356009070295
0 0.5977891156462586 0.36885865457294037 0.09013605442176875 0.16931216931216947
0 0.5068027210884353 0.24338624338624334 0.08843537414966017 0.09372637944066514
0 0.423469387755102 0.24640967498110355 0.07823129251700682 0.09372637944066517
0 0.4328231292517007 0.19047619047619047 0.07993197278911567 0.09070294784580497
2 0.6921768707482994 0.38548752834467126 0.09183673469387756 0.16628873771730912
2 0.6938775510204078 0.28571428571428575 0.0884353741496598 0.11186696900982619
2 0.6870748299319729 0.2116402116402117 0.08163265306122462 0.0786092214663645
2 0.6811224489795918 0.16780045351473918 0.07993197278911565 0.08163265306122446
2 0.6054421768707484 0.26455026455026454 0.0850340136054423 0.09977324263038553
2 0.6037414965986393 0.20256991685563114 0.07823129251700699 0.09070294784580496
2 0.59608843537415 0.1496598639455783 0.07312925170068041 0.06953892668178395
2 0.522959183673469 0.1965230536659106 0.07653061224489781 0.0967498110355251
2 0.5187074829931972 0.1436130007558579 0.07142857142857138 0.07558578987150413
2 0.4481292517006806 0.14361300075585792 0.07312925170068033 0.0876795162509448
