0 0.15436046511627907 0.2197674418604651 0.04970930232558139 0.08139534883720931
0 0.10007267441860465 0.22906976744186047 0.04316860465116279 0.07674418604651159
0 0.10465116279069767 0.3430232558139535 0.06017441860465115 0.09534883720930232
0 0.9503633720930234 0.15 0.03793604651162795 0.0674418604651163
0 0.8548691860465112 0.13488372093023254 0.03270348837209259 0.06511627906976745
0 0.8345930232558141 0.1197674418604651 0.020930232558139465 0.0627906976744186
1 0.557921511627907 0.13372093023255813 0.027470930232558075 0.03488372093023255
1 0.6776162790697673 0.16279069767441862 0.0340116279069768 0.03255813953488373
1 0.6006774937536036 0.14017874303286565 0.02616279069767429 0.034883720930232565
1 0.5945494186046512 0.17441860465116277 0.027470930232558217 0.027906976744186025
1 0.5605377906976744 0.21511627906976746 0.048401162790697685 0.07209302325581397
2 0.6194040697674419 0.22906976744186047 0.03531976744186047 0.07674418604651159
2 0.48139534883720925 0.18604651162790695 0.03662790697674417 0.07906976744186042
2 0.5186773255813953 0.20697674418604653 0.027470930232558217 0.07906976744186046
2 0.6455668604651162 0.21162790697674422 0.022238372093023172 0.07906976744186046
2 0.6671511627906976 0.19767441860465115 0.026162790697674437 0.07441860465116278
2 0.5114825581395348 0.15116279069767444 0.026162790697674368 0.027906976744186043
2 0.537474173553719 0.14026843487731436 0.02485465116279059 0.030232558139534866
2 0.6198347107438016 0.16528925619834708 0.018595041322314 0.01928374655647385
2 0.6380423553719006 0.13980716253443526 0.025568181818181726 0.023415977961432494
2 0.5772210743801651 0.1501377410468319 0.020144628099173577 0.030303030303030318
1 0.5535898760330578 0.16597796143250687 0.03331611570247937 0.017906336088154264
