1 0.018364928909952605 0.3024749836211082 0.03672985781990521 0.1289099461784986
1 0.020142180094786726 0.3907319641916798 0.04028436018957345 0.09899947340705637
0 0.020734597156398103 0.4973143727732935 0.041469194312796206 0.11332280790259673
0 0.23696682464454977 0.31490258030542395 0.06872037914691945 0.11163770405476572
1 0.2387440758293839 0.41179568193786203 0.06753554502369667 0.09899947340705637
1 0.24289099526066352 0.5129015271195366 0.07109004739336491 0.11585044760400208
0 0.4638625592417061 0.33175355450236965 0.0675355450236966 0.11163770405476563
1 0.47215639810426535 0.42127435492364396 0.0651658767772512 0.1011058451816745
1 0.4656398104265403 0.526592943654555 0.059241706161137414 0.1137440758293839
1 0.7138625592417062 0.353870458135861 0.06516587677725112 0.10531858873091099
0 0.6854265402843602 0.44128488678251715 0.06042654028436004 0.11163770405476563
0 0.6966824644549763 0.5371248025276462 0.06161137440758296 0.10531858873091096
