0 0.47448979591836765 0.4111866969009823 0.09863945578231287 0.18140589569161
0 0.7193877551020408 0.3824640967498111 0.09863945578231295 0.1783824640967498
0 0.6343537414965986 0.4323507180650037 0.10544217687074826 0.1934996220710506
0 0.5365646258503403 0.5049130763416477 0.10374149659863953 0.19954648526077093
0 0.5544217687074829 0.3325774754346183 0.10204081632653068 0.14512471655328796
0 0.4175170068027211 0.34164777021919884 0.09353741496598637 0.1753590325018897
2 0.37414965986394555 0.27059712773998484 0.08843537414965993 0.16024187452758876
2 0.79421768707483 0.3371126228269085 0.09863945578231295 0.17233560090702948
2 0.7304421768707483 0.23582766439909292 0.09013605442176868 0.12093726379440664
2 0.6522108843537414 0.2811791383219955 0.09013605442176875 0.126984126984127
2 0.6658163265306123 0.17384731670445955 0.07653061224489804 0.09372637944066517
2 0.5892857142857145 0.21012849584278157 0.08673469387755134 0.11186696900982614
2 0.5068027210884354 0.25699168556311414 0.08503401360544217 0.12698412698412695
2 0.451530612244898 0.20408163265306123 0.08333333333333329 0.11791383219954646
2 0.5289115646258503 0.16175359032501888 0.08503401360544217 0.09372637944066514
2 0.6113945578231291 0.12093726379440667 0.07993197278911565 0.090702947845805
