1 0.3222748815165877 0.2822538177988415 0.06161137440758296 0.09689310163243818
1 0.3270142180094787 0.3675618746708794 0.052132701421800966 0.08214849921011058
0 0.3175355450236967 0.45918904686677203 0.054502369668246405 0.10110584518167456
0 0.5225118483412322 0.30858346498156924 0.05213270142180093 0.1032122169562928
1 0.5183649289099526 0.401263823064771 0.058056872037914785 0.09057398630858352
1 0.5171800947867299 0.4939441811479726 0.06042654028436019 0.09478672985781983
0 0.7422985781990522 0.3359662980516061 0.06753554502369653 0.11585044760400208
1 0.7440758293838863 0.43601895734597157 0.06398104265402836 0.10110584518167456
1 0.7310426540284359 0.5350184307530279 0.0639810426540285 0.1137440758293839
1 0.9922985781990522 0.3846234828312188 0.01540284360189574 0.10279094902950561
0 0.9768957345971563 0.4783570268017295 0.046208530805687216 0.11416534375617104
0 0.98281990521327 0.5857819873072588 0.03436018957345979 0.10911006435336035
