0 0.03331611570247933 0.4146005509641873 0.04958677685950413 0.08264462809917354
0 0.9568698347107437 0.3016528925619834 0.046487603305785254 0.06611570247933883
0 0.8569214876033057 0.25826446280991733 0.03409090909090907 0.061983471074380174
1 0.4551911157024793 0.41184573002754815 0.03641528925619838 0.06336088154269966
1 0.46138946280991733 0.34641873278236907 0.02866735537190081 0.03719008264462815
1 0.4985795454545454 0.37258953168044073 0.03486570247933884 0.03719008264462815
1 0.4900568181818181 0.27548209366391174 0.02866735537190081 0.03581267217630856
1 0.5291838842975206 0.3002754820936639 0.02634297520661157 0.03581267217630853
1 0.6105371900826446 0.3491735537190081 0.023243801652892537 0.07024793388429747
2 0.5923295454545454 0.34917355371900827 0.014721074380165362 0.0013774104683195532
2 0.5086518595041322 0.44146005509641867 0.03796487603305785 0.0757575757575757
2 0.5431301652892562 0.40564738292011016 0.030991735537190052 0.06473829201101929
2 0.5783832644628099 0.38360881542699715 0.031766528925619826 0.0702479338842975
2 0.4121900826446281 0.3939393939393939 0.02944214876033058 0.07713498622589533
2 0.3780991735537189 0.3629476584022038 0.02479338842975203 0.0757575757575757
2 0.42768595041322316 0.3230027548209366 0.02634297520661157 0.037190082644628114
2 0.46332644628099173 0.303030303030303 0.02944214876033058 0.033057851239669415
2 0.4981921487603305 0.3209366391184572 0.02944214876033058 0.03581267217630853
2 0.5338326446280991 0.34504132231404955 0.02634297520661157 0.034435261707989044
2 0.5613378099173554 0.3188705234159779 0.028667355371900884 0.03443526170798897
0 0.8487861570247932 0.21349862258953167 0.03021694214876035 0.02203856749311296
