1 0.14277251184834122 0.2748815165876778 0.0627962085308057 0.1032122169562928
1 0.15165876777251186 0.35703001579778826 0.06161137440758296 0.09478672985781991
0 0.15047393364928907 0.44971037388099 0.05687203791469193 0.09057398630858345
0 0.36018957345971564 0.2822538177988415 0.0639810426540285 0.11374407582938381
1 0.3625592417061611 0.3759873617693523 0.06398104265402843 0.09478672985781991
1 0.36552132701421797 0.47288046340179035 0.06042654028436019 0.10742496050552923
0 0.582345971563981 0.3001579778830964 0.0651658767772512 0.11585044760400212
1 0.5882701421800948 0.39599789362822535 0.06042654028436026 0.10531858873091103
1 0.5781990521327015 0.4971037388098999 0.06161137440758289 0.11374407582938381
1 0.8447867298578199 0.3222748815165877 0.07109004739336484 0.12638230647709325
0 0.8133886255924171 0.4233807266982623 0.06516587677725112 0.10953133228014743
0 0.8240521327014219 0.5192206424433913 0.06753554502369667 0.11585044760400208
