1 0.19786729857819907 0.2706687730384413 0.06161137440758292 0.10742496050552919
1 0.2037914691943128 0.3559768299104792 0.06161137440758292 0.10953133228014746
0 0.2020142180094787 0.44971037388099 0.0627962085308057 0.10321221695629276
0 0.4075829383886256 0.2864665613480779 0.06398104265402843 0.10110584518167456
1 0.40699052132701424 0.37493417588204325 0.058056872037914715 0.0968931016324381
1 0.4099526066350711 0.47077409162717226 0.059241706161137414 0.1074249605055293
0 0.629739336492891 0.3033175355450237 0.06516587677725127 0.1137440758293839
1 0.6291469194312796 0.3949447077409162 0.06161137440758296 0.10321221695629283
1 0.6232227488151659 0.4949973670352817 0.06161137440758296 0.10531858873091096
1 0.8957345971563981 0.3243812532912059 0.06635071090047404 0.13059505002632965
0 0.8661137440758293 0.42127435492364396 0.06872037914691945 0.12216956292785675
0 0.875 0.5244865718799367 0.06753554502369667 0.11795681937862035
