0 0.6513605442176871 0.3356009070294785 0.09183673469387754 0.16931216931216939
0 0.5569727891156461 0.3235071806500378 0.0935374149659863 0.16931216931216933
0 0.5510204081632653 0.21315192743764175 0.08503401360544222 0.09372637944066518
0 0.4549319727891157 0.3235071806500378 0.09013605442176868 0.163265306122449
0 0.46343537414965996 0.2222222222222222 0.08673469387755102 0.09372637944066518
0 0.4651360544217687 0.15721844293272866 0.07993197278911567 0.08465608465608465
2 0.7482993197278912 0.34920634920634896 0.09183673469387763 0.17233560090702946
2 0.7397959183673466 0.24338624338624332 0.08503401360544215 0.09372637944066503
2 0.7253401360544217 0.1798941798941799 0.07993197278911561 0.0876795162509448
2 0.7159863945578229 0.1224489795918367 0.07823129251700678 0.07558578987150412
2 0.6505102040816326 0.22978080120937264 0.09013605442176868 0.09674981103552532
2 0.6428571428571428 0.16780045351473918 0.0816326530612245 0.09372637944066514
2 0.6275510204081634 0.10884353741496602 0.07482993197278888 0.06651549508692363
2 0.558673469387755 0.15873015873015867 0.07993197278911568 0.09977324263038545
2 0.5493197278911565 0.10733182161753586 0.0680272108843539 0.08163265306122441
2 0.4744897959183675 0.10733182161753589 0.07482993197278916 0.08767951625094485
