2 0.6998299319727892 0.8208616780045348 0.14455782312925167 0.2509448223733938
2 0.5637755102040816 0.7860922146636433 0.14115646258503406 0.253968253968254
2 0.562925170068027 0.5623582766439905 0.1292517006802718 0.21164021164021168
2 0.42772108843537415 0.6923658352229779 0.13095238095238101 0.23582766439909292
2 0.4430272108843537 0.477702191987906 0.1241496598639455 0.19954648526077068
2 0.46938775510204084 0.3038548752834467 0.11564625850340143 0.19047619047619047
2 0.288265306122449 0.6198034769463341 0.13775510204081634 0.22373393801965244
2 0.3282312925170068 0.4187452758881331 0.11904761904761903 0.1844293272864702
2 0.3596938775510205 0.2448979591836735 0.11394557823129256 0.17535903250188967
2 0.3979591836734693 0.10128495842781557 0.10544217687074825 0.14814814814814814
0 0.71343537414966 0.5956160241874526 0.13435374149659865 0.21164021164021157
0 0.7202380952380952 0.40665154950869253 0.12074829931972801 0.19047619047619066
0 0.598639455782313 0.379440665154951 0.12585034013605467 0.19652305366591097
0 0.7253401360544217 0.2282690854119425 0.11394557823129264 0.16024187452758873
0 0.6045918367346936 0.19652305366591086 0.11054421768707469 0.16931216931216944
0 0.49914965986394544 0.14965986394557823 0.10374149659863914 0.1602418745275888
