0 0.005423553719008265 0.40495867768595034 0.009297520661157025 0.05785123966942145
0 0.712422520661157 0.3209366391184572 0.03796487603305778 0.0661157024793388
0 0.6442407024793388 0.3016528925619834 0.030216942148760282 0.0523415977961432
0 0.6415289256198347 0.26377410468319556 0.018595041322314074 0.015151515151515155
1 0.325025826446281 0.396694214876033 0.030216942148760317 0.05509641873278234
1 0.3319989669421487 0.35123966942148754 0.02711776859504134 0.022038567493112993
1 0.3614411157024793 0.36776859504132225 0.022469008264462787 0.024793388429752098
1 0.35872933884297514 0.3099173553719008 0.020144628099173615 0.016528925619834708
1 0.38778409090909094 0.32300275482093654 0.020919421487603316 0.023415977961432546
1 0.4493801652892562 0.3601928374655647 0.020144628099173473 0.06749311294765832
2 0.29403409090909094 0.38705234159779606 0.025568181818181834 0.05509641873278234
2 0.2642045454545454 0.3719008264462809 0.017045454545454534 0.06336088154269973
2 0.36608987603305776 0.4166666666666666 0.031766528925619826 0.05096418732782361
2 0.3978564049586777 0.3960055096418732 0.02866735537190081 0.059228650137741
2 0.42419938016528924 0.37327823691460055 0.02866735537190081 0.05509641873278234
2 0.30604338842975204 0.3409090909090908 0.026342975206611535 0.026170798898071654
2 0.3362603305785124 0.32851239669421484 0.023243801652892557 0.020661157024793368
2 0.36260330578512395 0.3367768595041322 0.020144628099173546 0.020661157024793368
2 0.3924328512396694 0.35055096418732773 0.020919421487603316 0.020661157024793368
2 0.41296487603305787 0.33333333333333326 0.023243801652892557 0.024793388429752098
