0 0.005036157024793388 0.46074380165289247 0.010072314049586776 0.059228650137741
0 0.0387396694214876 0.3347107438016529 0.04803719008264462 0.07162534435261712
0 0.08755165289256198 0.32300275482093654 0.03873966942148761 0.06473829201101929
0 0.8848140495867767 0.25826446280991733 0.032541322314049666 0.05922865013774107
0 0.7995867768595041 0.23209366391184572 0.030991735537189983 0.056473829201101895
0 0.796875 0.18732782369146 0.033316115702479436 0.024793388429752063
1 0.437370867768595 0.321625344352617 0.031766528925619826 0.059228650137741035
1 0.4455061983471074 0.27341597796143247 0.021694214876033086 0.02066115702479344
1 0.4753357438016529 0.28787878787878785 0.0255681818181818 0.027548209366391206
1 0.4768853305785124 0.22933884297520657 0.03021694214876035 0.026170798898071616
1 0.5090392561983471 0.24104683195592283 0.026342975206611642 0.027548209366391206
1 0.5745092975206612 0.29201101928374656 0.02711776859504134 0.06611570247933887
2 0.48037190082644626 0.3409090909090909 0.030991735537190052 0.06749311294765846
2 0.5148502066115702 0.3236914600550964 0.022469008264462787 0.06887052341597798
2 0.5454545454545454 0.3044077134986225 0.023243801652892627 0.06060606060606062
2 0.4032799586776859 0.3119834710743801 0.024018595041322328 0.061983471074380174
2 0.3780991735537189 0.2954545454545454 0.020144628099173546 0.07024793388429754
2 0.41722623966942146 0.26170798898071623 0.024018595041322328 0.03305785123966945
2 0.44976756198347106 0.24104683195592283 0.022469008264462787 0.03030303030303031
2 0.4819214876033058 0.26033057851239666 0.024793388429752098 0.02203856749311296
2 0.509426652892562 0.27479338842975204 0.02711776859504127 0.02892561983471076
2 0.5369318181818181 0.25964187327823685 0.023243801652892485 0.03168044077134986
