0 0.07980371900826447 0.29545454545454536 0.04493801652892564 0.07575757575757577
0 0.13132747933884295 0.28787878787878785 0.04261363636363638 0.07162534435261705
0 0.00193698347107438 0.3753443526170798 0.00387396694214876 0.053719008264462784
0 0.9754648760330578 0.28305785123966937 0.03564049586776861 0.061983471074380174
0 0.9681043388429751 0.2355371900826446 0.04416322314049594 0.01101928374655646
1 0.5071022727272727 0.3278236914600551 0.0333161157024793 0.07713498622589529
1 0.6763946280991735 0.309228650137741 0.03719008264462815 0.07575757575757575
1 0.5745092975206612 0.24311294765840216 0.03021694214876042 0.017906336088154264
1 0.6082128099173554 0.2541322314049586 0.02634297520661157 0.017906336088154264
1 0.5260847107438016 0.27617079889807156 0.02634297520661157 0.020661157024793368
1 0.5574638429752067 0.2885674931129476 0.031766528925619826 0.023415977961432546
2 0.556301652892562 0.34504132231404955 0.04028925619834702 0.07300275482093657
2 0.5993026859504131 0.32369146005509636 0.033316115702479436 0.07713498622589533
2 0.6395919421487604 0.3161157024793388 0.030216942148760282 0.07851239669421485
2 0.4722365702479338 0.3133608815426997 0.02866735537190074 0.0702479338842975
2 0.44705578512396693 0.2995867768595041 0.015495867768594991 0.07851239669421485
2 0.4985795454545454 0.268595041322314 0.019369834710743845 0.02754820936639117
2 0.5392561983471074 0.2520661157024793 0.0263429752066115 0.02203856749311292
2 0.5690857438016529 0.2651515151515151 0.024018595041322328 0.015151515151515192
2 0.6004648760330578 0.27479338842975204 0.03409090909090899 0.02341597796143251
2 0.6357179752066116 0.2658402203856749 0.02866735537190081 0.013774104683195603
