0 0.18009478672985782 0.4802527646129542 0.06398104265402843 0.10953133228014743
1 0.1836492890995261 0.38125329120589785 0.05924170616113745 0.10953133228014743
1 0.1765402843601896 0.29699842022116907 0.06398104265402844 0.10953133228014739
1 0.39395734597156395 0.4992101105845181 0.058056872037914646 0.10953133228014743
1 0.39099526066350704 0.40021063717746186 0.06398104265402843 0.10110584518167463
0 0.38862559241706157 0.31068983675618744 0.06161137440758296 0.1032122169562928
1 0.6072274881516588 0.5234333859926277 0.06279620853080572 0.10321221695629283
1 0.6161137440758294 0.4202211690363349 0.059241706161137414 0.1032122169562927
0 0.6090047393364929 0.32438125329120593 0.0663507109004739 0.10531858873091103
0 0.8554502369668247 0.545550289626119 0.06635071090047404 0.11795681937862035
0 0.8412322274881516 0.4444444444444444 0.07109004739336484 0.10953133228014743
1 0.8732227488151659 0.34965771458662454 0.06872037914691945 0.12216956292785679
