1 0.09774881516587679 0.31490258030542395 0.06516587677725119 0.10742496050552926
1 0.10367298578199051 0.4054765666140074 0.058056872037914695 0.09899947340705637
0 0.1042654028436019 0.49815692469720907 0.059241706161137435 0.1074249605055293
0 0.3163507109004739 0.33175355450236965 0.06635071090047387 0.10742496050552923
1 0.3204976303317536 0.4181147972617167 0.06042654028436019 0.09478672985781983
1 0.32345971563981046 0.5202738283307003 0.06161137440758299 0.10110584518167456
0 0.5349526066350712 0.3391258557135335 0.06279620853080572 0.10953133228014743
1 0.5396919431279621 0.4381253291205898 0.06753554502369674 0.10110584518167463
1 0.5379146919431279 0.5402843601895735 0.059241706161137414 0.11163770405476563
1 0.7879146919431279 0.36124275934702477 0.06161137440758296 0.11163770405476565
0 0.7565165876777251 0.45392311743022645 0.06279620853080559 0.11585044760400201
0 0.7707345971563981 0.5518694049499736 0.06516587677725112 0.1095313322801475
