0 0.13329383886255924 0.47182727751448134 0.058056872037914715 0.1053185887309111
1 0.13210900473933646 0.38546603475513436 0.06042654028436016 0.11795681937862035
1 0.12559241706161137 0.2864665613480779 0.0687203791469194 0.10531858873091096
1 0.34893364928909953 0.4949973670352817 0.06279620853080572 0.11795681937862028
1 0.34360189573459715 0.38757240652975256 0.0687203791469194 0.11374407582938381
0 0.3436018957345972 0.29805160610847814 0.06635071090047397 0.11163770405476565
0 0.5675355450236966 0.31279620853080575 0.06635071090047383 0.11163770405476572
1 0.5699052132701422 0.4054765666140074 0.0663507109004739 0.10321221695629276
1 0.5604265402843602 0.5023696682464456 0.06161137440758296 0.1032122169562927
1 0.8246445497630333 0.3285939968404423 0.06872037914691945 0.11795681937862032
0 0.7932464454976303 0.42232754081095314 0.06753554502369667 0.11585044760400208
0 0.8074644549763034 0.5213270142180094 0.06990521327014221 0.12427593470247501
