0 0.09220041322314049 0.18732782369146 0.03719008264462811 0.057851239669421496
0 0.140625 0.18526170798898067 0.03486570247933884 0.05371900826446284
0 0.9386621900826446 0.2355371900826446 0.03486570247933884 0.05785123966942145
0 0.9487345041322314 0.18939393939393936 0.02866735537190081 0.020661157024793368
1 0.44279442148760323 0.23966942148760328 0.019369834710743775 0.07162534435261705
1 0.4776601239669421 0.19352617079889803 0.020919421487603316 0.023415977961432476
1 0.4970299586776859 0.20592286501377408 0.020919421487603316 0.02341597796143251
1 0.6144111570247933 0.2355371900826446 0.02634297520661157 0.07162534435261708
1 0.5628873966942148 0.18250688705234153 0.022469008264462714 0.020661157024793403
2 0.5396435950413222 0.17079889807162524 0.024018595041322373 0.019283746556473812
2 0.47804752066115697 0.2527548209366391 0.03409090909090914 0.07300275482093664
2 0.5253099173553718 0.24586776859504128 0.02789256198347104 0.06473829201101931
2 0.5702479338842976 0.24242424242424238 0.032541322314049596 0.06611570247933883
2 0.5818698347107438 0.19352617079889803 0.026342975206611642 0.017906336088154264
2 0.5427427685950412 0.1990358126721763 0.022469008264462857 0.023415977961432476
2 0.5245351239669421 0.19008264462809912 0.017045454545454603 0.024793388429752063
2 0.5012913223140495 0.1783746556473829 0.027892561983470968 0.026170798898071616
2 0.4590650826446281 0.18250688705234158 0.022469008264462787 0.023415977961432476
2 0.4195506198347107 0.22176308539944897 0.01472107438016529 0.06060606060606059
2 0.4149018595041322 0.17699724517906332 0.030216942148760282 0.017906336088154264
