0 0.028667355371900825 0.21487603305785122 0.05113636363636363 0.08264462809917354
0 0.9096074380165288 0.17355371900826444 0.03564049586776846 0.06887052341597794
0 0.8162448347107437 0.1473829201101928 0.025568181818181726 0.05785123966942148
0 0.7945506198347106 0.134297520661157 0.01472107438016522 0.06749311294765839
1 0.4489927685950413 0.21900826446280988 0.03796487603305792 0.07438016528925619
1 0.59349173553719 0.19421487603305781 0.024793388429751956 0.08539944903581265
1 0.4730113636363636 0.13360881542699724 0.030216942148760282 0.024793388429752063
1 0.5152376033057852 0.14325068870523414 0.02944214876033058 0.02754820936639119
1 0.4505423553719008 0.16528925619834708 0.03021694214876035 0.03030303030303026
1 0.4912190082644628 0.1818181818181818 0.03564049586776861 0.024793388429752063
2 0.37073863636363635 0.18939393939393936 0.022469008264462787 0.07575757575757575
2 0.4025051652892562 0.21212121212121207 0.02866735537190081 0.07162534435261705
2 0.49974173553719 0.2355371900826446 0.03719008264462808 0.06887052341597794
2 0.5322830578512396 0.21280991735537186 0.02634297520661157 0.0702479338842975
2 0.5636621900826445 0.20247933884297517 0.02711776859504134 0.07988980716253441
2 0.41645144628099173 0.15633608815426994 0.0255681818181818 0.03168044077134983
2 0.4489927685950413 0.1411845730027548 0.024018595041322328 0.020661157024793368
2 0.4873450413223141 0.15977961432506885 0.02944214876033051 0.0192837465564738
2 0.5225981404958677 0.16873278236914596 0.02866735537190081 0.02066115702479342
2 0.5477789256198347 0.15426997245179064 0.02634297520661157 0.016528925619834725
