0 0.5306122448979591 0.37490551776266057 0.10204081632653061 0.1995464852607709
0 0.7465986394557824 0.3295540438397581 0.10204081632653071 0.18745275888133034
0 0.6445578231292518 0.3492063492063492 0.10204081632653057 0.19047619047619047
0 0.6003401360544217 0.2161753590325019 0.09523809523809551 0.11791383219954646
0 0.5085034013605443 0.2524565381708239 0.09523809523809526 0.12396069538926685
0 0.4880952380952381 0.18140589569160998 0.08503401360544217 0.1330309901738473
2 0.8469387755102039 0.31594860166288735 0.10204081632653057 0.19047619047619044
2 0.8035714285714285 0.1950113378684807 0.09013605442176868 0.1179138321995465
2 0.7108843537414967 0.20861678004535147 0.09863945578231281 0.1148904006046863
2 0.7636054421768708 0.1164021164021164 0.08503401360544217 0.09372637944066514
2 0.6743197278911565 0.1360544217687075 0.09013605442176868 0.11489040060468632
2 0.729591836734694 0.06046863189720333 0.08163265306122454 0.09674981103552532
2 0.636904761904762 0.06651549508692366 0.0799319727891155 0.07860922146636433
2 0.5841836734693877 0.1360544217687075 0.09013605442176872 0.10279667422524566
2 0.5510204081632653 0.08314436885865457 0.07482993197278909 0.10582010582010583
2 0.47023809523809523 0.10582010582010583 0.07993197278911567 0.12093726379440667
