2 0.8477891156462583 0.6606198034769463 0.13435374149659862 0.2328042328042326
2 0.7363945578231292 0.763416477702192 0.1394557823129253 0.25094482237339377
2 0.596938775510204 0.8284202569916856 0.13605442176870752 0.26606198034769457
2 0.43792517006802695 0.8915343915343911 0.14795918367346933 0.2169312169312162
2 0.6496598639455781 0.5684051398337108 0.13605442176870772 0.22978080120937258
2 0.5238095238095238 0.6122448979591837 0.1360544217687075 0.2267573696145125
2 0.38860544217687076 0.692365835222978 0.14115646258503403 0.24792139077853365
2 0.46598639455782326 0.4232804232804233 0.12925170068027217 0.21768707482993196
2 0.3401360544217687 0.48526077097505665 0.12925170068027214 0.2328042328042328
2 0.3401360544217687 0.3643235071806501 0.00680272108843539 0.015117157974300782
2 0.3086734693877552 0.2962962962962963 0.12074829931972797 0.19349962207105054
0 0.7780612244897956 0.4656084656084656 0.13095238095238101 0.22978080120937264
0 0.7074829931972789 0.2947845804988662 0.1224489795918367 0.2146636432350719
0 0.608843537414966 0.3703703703703704 0.129251700680272 0.22071050642479215
0 0.6513605442176866 0.12849584278155696 0.11224489795918348 0.19047619047619022
0 0.5391156462585035 0.1919879062736205 0.11564625850340143 0.18442932728647007
0 0.42772108843537426 0.235827664399093 0.12074829931972789 0.18140589569161
