2 0.7823129251700681 0.8163265306122449 0.14285714285714277 0.2539682539682539
2 0.6462585034013606 0.8541194255479971 0.13945578231292505 0.26303854875283467
2 0.4982993197278911 0.8420256991685562 0.1462585034013605 0.26303854875283406
2 0.33078231292517 0.8495842781557069 0.14795918367346936 0.26001511715797415
2 0.5994897959183674 0.6228269085411943 0.13435374149659857 0.22978080120937272
2 0.4642857142857143 0.6092214663643235 0.13605442176870747 0.2267573696145125
2 0.3282312925170066 0.6137566137566135 0.13605442176870747 0.23582766439909314
2 0.4489795918367347 0.39455782312925175 0.12585034013605448 0.19047619047619044
2 0.32227891156462574 0.4051398337112624 0.1275510204081632 0.21164021164021174
2 0.3282312925170068 0.22373393801965236 0.11224489795918363 0.18140589569161
0 0.7508503401360546 0.5850340136054422 0.13775510204081642 0.22675736961451243
0 0.7142857142857143 0.3839758125472411 0.1224489795918367 0.21164021164021155
0 0.5960884353741497 0.41723356009070295 0.12414965986394556 0.21768707482993205
0 0.6853741496598641 0.20710506424792133 0.11904761904761903 0.202569916855631
0 0.5620748299319728 0.22373393801965233 0.11394557823129249 0.19349962207105062
0 0.4464285714285716 0.2222222222222222 0.11734693877551008 0.19047619047619044
