0 0.21030805687203788 0.45602948920484465 0.0627962085308057 0.10321221695629276
1 0.21386255924170616 0.363349131121643 0.05568720379146917 0.09899947340705637
1 0.2079383886255924 0.2748815165876778 0.0627962085308057 0.1032122169562928
1 0.4176540284360189 0.48657187993680884 0.06042654028436026 0.1137440758293839
1 0.4164691943127961 0.3854660347551343 0.058056872037914715 0.10110584518167456
0 0.4170616113744076 0.2948920484465508 0.06398104265402843 0.10953133228014743
1 0.6309241706161137 0.517114270668773 0.06516587677725112 0.10742496050552923
1 0.6451421800947866 0.4160084254870985 0.06279620853080566 0.12006319115323855
0 0.6362559241706162 0.3191153238546604 0.0639810426540285 0.11585044760400212
0 0.8844786729857819 0.5508162190626646 0.06753554502369681 0.12427593470247494
0 0.8690758293838863 0.4444444444444444 0.06990521327014221 0.11795681937862035
1 0.9046208530805687 0.3559768299104792 0.06516587677725112 0.12638230647709317
