0 0.11273243801652892 0.32369146005509636 0.04416322314049585 0.06611570247933883
0 0.06353305785123967 0.3243801652892562 0.041838842975206604 0.07300275482093657
0 0.9890237603305784 0.559228650137741 0.01627066115702476 0.07162534435261705
0 0.9142561983471075 0.4910468319559228 0.03409090909090907 0.07300275482093667
0 0.9158057851239668 0.43801652892561976 0.03564049586776861 0.024793388429752098
1 0.43310950413223137 0.4400826446280991 0.021694214876033086 0.056473829201101895
1 0.46371384297520657 0.39187327823691454 0.027117768595041336 0.02617079889807158
1 0.48308367768595034 0.41942148760330566 0.030216942148760282 0.017906336088154333
1 0.5237603305785123 0.362258953168044 0.02634297520661157 0.024793388429752098
1 0.5485537190082644 0.38636363636363635 0.023243801652892627 0.020661157024793368
1 0.5985278925619834 0.455922865013774 0.031766528925619826 0.07713498622589533
2 0.4683626033057851 0.4814049586776859 0.03331611570247937 0.0702479338842975
2 0.5140754132231404 0.471763085399449 0.03021694214876035 0.07575757575757577
2 0.5597882231404958 0.4676308539944902 0.03021694214876035 0.0730027548209366
2 0.4063791322314049 0.4207988980716253 0.020919421487603243 0.0757575757575757
2 0.3885588842975207 0.3932506887052341 0.010072314049586807 0.06749311294765832
2 0.443569214876033 0.368457300275482 0.0255681818181818 0.02617079889807158
2 0.48966942148760323 0.37258953168044073 0.02789256198347111 0.03443526170798897
2 0.5675361570247933 0.4104683195592285 0.02711776859504134 0.02203856749311292
2 0.5330578512396694 0.41873278236914596 0.0263429752066115 0.024793388429752098
2 0.5102014462809916 0.3960055096418732 0.025568181818181726 0.02617079889807158
