0 0.014333677685950412 0.26033057851239666 0.022469008264462808 0.08539944903581265
0 0.9127066115702479 0.18388429752066113 0.03254132231404952 0.06749311294765838
0 0.8104338842975207 0.1611570247933884 0.0263429752066115 0.057851239669421496
0 0.7848657024793388 0.1480716253443526 0.007747933884297567 0.05647382920110193
1 0.4660382231404958 0.2527548209366391 0.03641528925619831 0.06749311294765839
1 0.4737861570247934 0.162534435261708 0.0255681818181818 0.02203856749311296
1 0.5191115702479339 0.1707988980716253 0.023243801652892627 0.02479338842975208
1 0.6105371900826445 0.2162534435261707 0.02014462809917336 0.07713498622589536
1 0.5005165289256197 0.21074380165289253 0.02944214876033051 0.027548209366391206
1 0.46022727272727265 0.19765840220385672 0.030991735537190125 0.020661157024793368
2 0.3769369834710744 0.2265840220385674 0.025568181818182066 0.08126721763085402
2 0.5225981404958677 0.2651515151515151 0.04106404958677686 0.06749311294765842
2 0.41645144628099173 0.2389807162534435 0.03641528925619831 0.06749311294765842
2 0.5601756198347104 0.24449035812672165 0.024793388429751883 0.07024793388429747
2 0.5853564049586777 0.2286501377410468 0.019369834710743845 0.07438016528925619
2 0.42342458677685957 0.18526170798898067 0.030216942148760282 0.023415977961432476
2 0.45286673553719003 0.17355371900826444 0.02711776859504127 0.02203856749311292
2 0.4950929752066115 0.18595041322314046 0.032541322314049596 0.016528925619834708
2 0.5318956611570248 0.19903581267217624 0.0255681818181818 0.020661157024793403
2 0.5551394628099173 0.18388429752066113 0.02711776859504127 0.023415977961432546
