0 0.639455782312925 0.346182917611489 0.09523809523809516 0.17838246409674985
0 0.5484693877551021 0.3340891912320484 0.09693877551020413 0.1723356009070295
0 0.5442176870748299 0.22373393801965227 0.08843537414965985 0.09674981103552537
0 0.4464285714285714 0.3235071806500378 0.09353741496598637 0.1753590325018897
0 0.45663265306122447 0.22071050642479212 0.07993197278911558 0.09674981103552538
0 0.461734693877551 0.1617535903250188 0.07993197278911549 0.08163265306122447
2 0.7355442176870749 0.3613000755857898 0.0935374149659864 0.17233560090702946
2 0.7304421768707482 0.25699168556311425 0.09013605442176865 0.10279667422524576
2 0.7185374149659864 0.18896447467876037 0.08333333333333329 0.08163265306122451
2 0.7091836734693877 0.13605442176870747 0.07823129251700686 0.07860922146636429
2 0.6403061224489796 0.24338624338624337 0.09013605442176868 0.10582010582010576
2 0.6343537414965982 0.17838246409674988 0.0782312925170067 0.09070294784580503
2 0.6215986394557823 0.12093726379440664 0.07312925170068027 0.07256235827664395
2 0.5544217687074832 0.16477702191987906 0.0748299319727891 0.09372637944066517
2 0.5450680272108844 0.1179138321995465 0.06972789115646255 0.08465608465608467
2 0.471938775510204 0.11942554799697654 0.07312925170068027 0.09372637944066513
