0 0.22985781990521326 0.4033701948393892 0.06635071090047394 0.10321221695629283
1 0.22511848341232227 0.28962611901000523 0.06161137440758289 0.11163770405476563
1 0.21386255924170613 0.20431806213796733 0.06990521327014218 0.1095313322801474
1 0.4537914691943128 0.4328593996840442 0.06398104265402843 0.12427593470247494
1 0.45082938388625593 0.3285939968404423 0.06516587677725112 0.10531858873091096
0 0.446090047393365 0.23064770932069512 0.0651658767772512 0.12427593470247501
1 0.6895734597156397 0.4718272775144813 0.0663507109004739 0.12216956292785675
1 0.707345971563981 0.35703001579778826 0.06872037914691945 0.12427593470247497
0 0.6996445497630333 0.25487098472880465 0.07464454976303316 0.13059505002632968
0 0.9739336492890996 0.5099526034210028 0.05213270142180093 0.1268035744038803
0 0.9662322274881516 0.40463401469009186 0.06753554502369667 0.13944180505158962
1 0.9869668246445498 0.30247498362110814 0.023696682464454853 0.13733543327697142
