2 0.8443877551020408 0.5971277399848829 0.13775510204081634 0.23280423280423285
2 0.7482993197278909 0.716553287981859 0.1394557823129251 0.24792139077853334
2 0.6190476190476191 0.8042328042328043 0.14285714285714282 0.2660619803476947
2 0.6530612244897955 0.5411942554799696 0.12925170068027203 0.23582766439909267
2 0.5297619047619048 0.6107331821617534 0.13775510204081634 0.24187452758881325
2 0.4005102040816327 0.7059712773998487 0.13435374149659873 0.24489795918367352
2 0.465986394557823 0.8960695389266817 0.14625850340136054 0.20786092214663626
2 0.4600340136054418 0.42025699168556313 0.12755102040816324 0.20559334845049143
2 0.33843537414965996 0.5064247921390779 0.13605442176870755 0.2267573696145124
2 0.292517006802721 0.3280423280423278 0.11564625850340121 0.2267573696145123
0 0.7721088435374145 0.4111866969009826 0.12244897959183666 0.22373393801965222
0 0.6921768707482989 0.25396825396825407 0.11904761904761887 0.2055933484504914
0 0.5986394557823129 0.3476946334089191 0.12925170068027214 0.21768707482993194
0 0.6258503401360543 0.10279667422524563 0.11564625850340143 0.19954648526077093
0 0.5178571428571429 0.18442932728647016 0.11734693877551015 0.19954648526077098
0 0.41156462585034004 0.24943310657596368 0.12925170068027203 0.20861678004535134
