0 0.70578231292517 0.29176114890400606 0.09863945578231295 0.17233560090702948
0 0.6156462585034014 0.26152683295540435 0.09523809523809526 0.18442932728647016
0 0.5221088435374149 0.24338624338624337 0.08843537414965986 0.17233560090702946
0 0.6386054421768708 0.14512471655328799 0.10034013605442184 0.09070294784580499
0 0.7380952380952382 0.1798941798941799 0.0884353741496598 0.13000755857898716
2 0.44302721088435376 0.20408163265306123 0.08673469387755098 0.17838246409674985
0 0.7712585034013606 0.11035525321239607 0.08333333333333343 0.09372637944066518
2 0.48554421768707484 0.11337868480725626 0.0799319727891156 0.10582010582010583
2 0.5663265306122449 0.12396069538926682 0.07823129251700678 0.108843537414966
2 0.6113945578231292 0.06651549508692366 0.07312925170068034 0.08465608465608465
2 0.6879251700680272 0.07860922146636432 0.07653061224489789 0.09674981103552531
2 0.7993197278911565 0.05593348450491308 0.08163265306122469 0.08767951625094483
2 0.7236394557823129 0.036281179138321996 0.07312925170068027 0.07256235827664399
2 0.6471088435374149 0.027210884353741496 0.06632653061224487 0.042328042328042326
2 0.5340136054421768 0.05139833711262282 0.06802721088435369 0.07860922146636433
2 0.5714285714285714 0.022675736961451247 0.061224489795918303 0.045351473922902494
