0 0.20438388625592416 0.4223275408109531 0.07227488151658769 0.0989994734070563
1 0.2037914691943128 0.31700895208004215 0.0687203791469194 0.10321221695629283
1 0.19312796208530805 0.2274881516587678 0.06872037914691945 0.12216956292785675
1 0.42535545023696686 0.4465508162190626 0.0663507109004739 0.11795681937862028
1 0.4212085308056872 0.34017904160084256 0.06516587677725112 0.10742496050552923
0 0.4158767772511848 0.2401263823064771 0.0663507109004739 0.11374407582938385
1 0.65521327014218 0.47288046340179046 0.06872037914691945 0.1116377040547657
1 0.6670616113744078 0.36124275934702477 0.06872037914691945 0.11585044760400208
0 0.6635071090047394 0.2643496577145866 0.075829383886256 0.12848867825171145
0 0.9348341232227488 0.5044760400210637 0.06872037914691945 0.1284886782517114
0 0.9218009478672985 0.3949447077409162 0.07819905213270133 0.12427593470247494
1 0.9626777251184834 0.29088993886070796 0.07227488151658776 0.1478672921500625
