0 0.025180785123966935 0.31129476584022037 0.04416322314049585 0.1019283746556474
0 0.8735795454545454 0.2988980716253443 0.03641528925619838 0.0633608815426997
0 0.7790547520661157 0.26721763085399447 0.027117768595041412 0.05234159779614323
1 0.48075929752066116 0.3367768595041322 0.03641528925619831 0.0702479338842975
1 0.6093749999999999 0.30853994490358116 0.0100723140495868 0.068870523415978
1 0.47843491735537186 0.2458677685950413 0.019369834710743775 0.03168044077134986
1 0.5233729338842974 0.25757575757575757 0.016270661157024833 0.02203856749311292
1 0.4706869834710743 0.28099173553719003 0.031766528925619826 0.024793388429752063
1 0.5163997933884298 0.30096418732782365 0.030216942148760282 0.02892561983471076
2 0.3928202479338843 0.29820936639118456 0.030991735537190125 0.06473829201101929
2 0.43194731404958675 0.32369146005509636 0.03331611570247937 0.06611570247933883
2 0.5396435950413223 0.3581267217630853 0.03951446280991732 0.06887052341597794
2 0.5690857438016529 0.3340220385674931 0.01782024793388423 0.06473829201101929
2 0.5927169421487603 0.32506887052341576 0.021694214876033145 0.06336088154269956
2 0.43078512396694213 0.26790633608815423 0.024793388429752098 0.023415977961432476
2 0.45596590909090906 0.2548209366391184 0.020919421487603243 0.02754820936639117
2 0.5020661157024793 0.2706611570247934 0.023243801652892557 0.02617079889807169
2 0.5404183884297521 0.2871900826446281 0.017820247933884373 0.028925619834710724
2 0.5582386363636362 0.2727272727272727 0.020919421487603316 0.033057851239669415
0 0.7546487603305785 0.25344352617079885 0.009297520661156966 0.05234159779614323
