1 0.24052132701421802 0.2801474460242233 0.06161137440758296 0.10953133228014743
1 0.2434834123222749 0.3686150605581885 0.05805687203791468 0.09268035808320171
0 0.2411137440758294 0.46234860452869925 0.058056872037914715 0.11163770405476563
0 0.44549763033175355 0.30121116377040547 0.059241706161137414 0.10953133228014743
1 0.4472748815165877 0.39178515007898895 0.06042654028436019 0.09689310163243818
1 0.44549763033175355 0.4823591363875724 0.059241706161137414 0.10110584518167456
0 0.6658767772511848 0.3201685097419695 0.06872037914691936 0.11795681937862032
1 0.67239336492891 0.4191679831490258 0.06753554502369667 0.11795681937862035
1 0.6611374407582937 0.5192206424433913 0.0663507109004739 0.11585044760400208
1 0.9449052132701422 0.35281727224855186 0.07701421800947869 0.13691416535018427
0 0.9063981042654029 0.44339125855713535 0.06872037914691945 0.12006319115323862
0 0.9200236966824644 0.555028962611901 0.07227488151658776 0.1284886782517114
