0 0.017045454545454544 0.26515151515151514 0.024793388429752063 0.08953168044077135
0 0.9154183884297521 0.18732782369146006 0.04106404958677686 0.06611570247933886
0 0.8174070247933883 0.16460055096418733 0.026342975206611642 0.053719008264462804
0 0.7910640495867769 0.14944903581267213 0.012396694214876049 0.06198347107438014
1 0.4621642561983471 0.2520661157024793 0.03951446280991739 0.07162534435261708
1 0.6058884297520657 0.2141873278236915 0.020144628099173625 0.07300275482093663
1 0.47611053719008267 0.16597796143250684 0.022469008264462857 0.020661157024793403
1 0.5183367768595041 0.1735537190082644 0.02944214876033058 0.01928374655647385
1 0.45635330578512395 0.19696969696969696 0.032541322314049666 0.02203856749311296
1 0.49974173553719003 0.21487603305785122 0.02789256198347104 0.02754820936639117
2 0.5179493801652892 0.26652892561983466 0.04106404958677686 0.061983471074380174
2 0.5535898760330576 0.24793388429752064 0.028667355371900884 0.07162534435261705
2 0.581095041322314 0.22933884297520657 0.023243801652892557 0.07300275482093664
2 0.5520402892561983 0.18250688705234153 0.02556818181818181 0.020661157024793403
2 0.5291838842975207 0.20179063360881538 0.024793388429751914 0.020661157024793396
2 0.4927685950413223 0.18663911845730033 0.030991735537190052 0.017906336088154364
2 0.4152892561983471 0.24311294765840216 0.03564049586776861 0.07575757575757577
2 0.3757747933884298 0.23140495867768593 0.02789256198347111 0.07162534435261708
2 0.41916322314049587 0.18870523415977958 0.02944214876033058 0.02203856749311296
2 0.4493801652892562 0.17493112947658399 0.027892561983471172 0.019283746556473812
