2 0.6369047619047619 0.909045091832306 0.1513605442176871 0.17939025925040167
2 0.7312925170068025 0.7331821617535903 0.14285714285714324 0.2509448223733936
2 0.8129251700680274 0.566893424036281 0.13605442176870736 0.22071050642479206
2 0.8605442176870749 0.39909297052154197 0.13265306122448975 0.2116402116402116
2 0.514455782312925 0.7996976568405139 0.14795918367346939 0.2509448223733936
2 0.6071428571428572 0.6137566137566138 0.13945578231292516 0.23582766439909306
2 0.6921768707482993 0.4671201814058956 0.1326530612244897 0.21466364323507187
2 0.4931972789115646 0.492819349962207 0.13265306122448983 0.22978080120937264
2 0.4005102040816327 0.656084656084656 0.14455782312925172 0.2479213907785336
2 0.3018707482993194 0.5079365079365076 0.1309523809523807 0.2358276643990928
0 0.7551020408163267 0.28269085411942546 0.1224489795918367 0.220710506424792
0 0.5977891156462585 0.328042328042328 0.13095238095238096 0.22071050642479217
0 0.6479591836734694 0.17687074829931973 0.11904761904761905 0.2086167800453515
0 0.394557823129252 0.3597883597883599 0.12925170068027225 0.22373393801965238
0 0.4761904761904762 0.21617535903250193 0.12585034013605434 0.20861678004535159
0 0.5510204081632653 0.0876795162509448 0.11564625850340135 0.1753590325018896
