0 0.07554235537190084 0.28099173553719003 0.03951446280991736 0.06060606060606055
0 0.024018595041322314 0.27685950413223137 0.04183884297520661 0.06060606060606055
0 0.9545454545454546 0.49449035812672165 0.044938016528925574 0.08539944903581265
0 0.8646694214876033 0.42286501377410457 0.03873966942148755 0.06611570247933883
0 0.8704803719008265 0.3753443526170798 0.03021694214876035 0.020661157024793368
1 0.3815857438016529 0.3925619834710743 0.024018595041322328 0.0633608815426998
1 0.5493285123966942 0.4042699724517905 0.03564049586776861 0.06473829201101929
1 0.48075929752066116 0.3085399449035812 0.028667355371900884 0.027548209366391133
1 0.505552685950413 0.334710743801653 0.03331611570247943 0.024793388429752185
1 0.4168388429752066 0.34504132231404955 0.02789256198347111 0.02892561983471076
2 0.4393078512396692 0.368457300275482 0.02789256198347136 0.02617079889807158
2 0.4172262396694215 0.4235537190082644 0.03641528925619831 0.0702479338842975
2 0.46293904958677684 0.41322314049586767 0.031766528925619826 0.07162534435261712
2 0.5105888429752067 0.40909090909090906 0.032541322314049596 0.0633608815426998
2 0.3564049586776859 0.3712121212121211 0.023243801652892557 0.06749311294765839
2 0.3575671487603306 0.3161157024793388 0.03331611570247937 0.02066115702479344
2 0.3935950413223141 0.32713498622589526 0.01394628099173552 0.045454545454545435
2 0.4439566115702479 0.31887052341597794 0.0263429752066115 0.028925619834710724
2 0.4668130165289256 0.3409090909090908 0.0255681818181818 0.026170798898071654
2 0.4830836776859504 0.36501377410468316 0.02866735537190081 0.019283746556473885
2 0.5198863636363636 0.3560606060606061 0.032541322314049596 0.02892561983471076
