2 0.5739795918367347 0.5321239606953893 0.12414965986394563 0.22373393801965227
2 0.6513605442176866 0.3945578231292516 0.1258503401360544 0.2146636432350716
2 0.7125850340136054 0.2615268329554044 0.11564625850340135 0.19047619047619055
2 0.7695578231292514 0.1511715797430083 0.11054421768707476 0.18140589569160992
2 0.562925170068027 0.27059712773998484 0.11904761904761886 0.19047619047619047
2 0.6241496598639453 0.14663643235071797 0.11224489795918341 0.17838246409674968
2 0.6692176870748295 0.06500377928949351 0.10374149659863996 0.12396069538926667
2 0.5493197278911567 0.07256235827664398 0.10884353741496602 0.13907785336356762
0 0.48639455782312935 0.40362811791383224 0.1224489795918368 0.22071050642479206
0 0.4039115646258503 0.2842025699168556 0.11734693877551028 0.2116402116402116
0 0.4753401360544216 0.14361300075585792 0.11394557823129245 0.19652305366591086
0 0.3920068027210884 0.07407407407407408 0.10714285714285714 0.14814814814814817
0 0.31632653061224486 0.17535903250188972 0.11564625850340127 0.21164021164021174
