2 0.4761904761904761 0.7482993197278912 0.1360544217687075 0.2509448223733939
2 0.6054421768707483 0.7059712773998489 0.13605442176870738 0.238851095993953
2 0.7227891156462579 0.6455026455026452 0.12925170068027206 0.23280423280423307
2 0.8333333333333333 0.6046863189720333 0.12244897959183675 0.22373393801965236
2 0.7814625850340136 0.3900226757369614 0.11734693877551038 0.19954648526077093
2 0.6836734693877551 0.4459561602418745 0.12244897959183675 0.20861678004535145
2 0.5756802721088435 0.5003779289493575 0.12755102040816316 0.20861678004535153
2 0.6573129251700681 0.26455026455026454 0.11394557823129262 0.1602418745275888
2 0.7457482993197272 0.21768707482993194 0.10374149659863977 0.15721844293272863
2 0.6998299319727892 0.08767951625094483 0.10034013605442169 0.163265306122449
0 0.45408163265306123 0.5321239606953889 0.12244897959183676 0.20559334845049113
0 0.43027210884353745 0.35374149659863946 0.11904761904761899 0.18745275888133026
0 0.5493197278911565 0.2962962962962963 0.11224489795918373 0.19349962207105062
0 0.4022108843537414 0.1829176114890401 0.11394557823129255 0.1844293272864702
0 0.5085034013605443 0.15419501133786848 0.1054421768707482 0.1753590325018896
0 0.6037414965986395 0.11791383219954653 0.10204081632653067 0.17535903250188972
