0 0.09065082644628099 0.3257575757575757 0.03409090909090909 0.06473829201101931
0 0.13946280991735535 0.32369146005509636 0.04028925619834709 0.05509641873278238
0 0.9483471074380165 0.3636363636363636 0.037190082644628 0.06336088154269973
0 0.9502840909090909 0.3168044077134986 0.03021694214876035 0.016528925619834746
0 0.002324380165289256 0.3932506887052341 0.003099173553719008 0.05096418732782368
1 0.4683626033057851 0.3753443526170798 0.02866735537190081 0.059228650137741
1 0.6326188016528925 0.3712121212121211 0.03486570247933884 0.06749311294765839
1 0.4947055785123966 0.33195592286501374 0.022469008264462857 0.027548209366391206
1 0.5194989669421488 0.34297520661157 0.02401859504132233 0.024793388429751838
1 0.577995867768595 0.31680440771349855 0.020144628099173546 0.02203856749311292
1 0.5481663223140495 0.3044077134986225 0.02711776859504134 0.016528925619834708
2 0.5074896694214875 0.3953168044077134 0.03719008264462815 0.06887052341597802
2 0.5524276859504131 0.3829201101928374 0.030991735537190125 0.06887052341597794
2 0.5950413223140495 0.3774104683195592 0.03409090909090907 0.06887052341597794
2 0.43853305785123964 0.3663911845730027 0.021694214876033017 0.07162534435261705
2 0.418775826446281 0.34573002754820936 0.011621900826446279 0.06611570247933887
2 0.47456095041322316 0.3168044077134986 0.02401859504132226 0.024793388429752063
2 0.515625 0.3112947658402203 0.020919421487603316 0.016528925619834708
2 0.5392561983471075 0.3230027548209366 0.024793388429752098 0.020661157024793403
2 0.5644369834710744 0.3367768595041322 0.020919421487603243 0.020661157024793368
2 0.599690082644628 0.32644628099173545 0.02944214876033058 0.02479338842975203
