0 0.05927169421487603 0.36432506887052335 0.03176652892561983 0.056473829201101895
0 0.01627066115702479 0.3732782369146005 0.029442148760330574 0.07438016528925616
0 0.7999741735537189 0.3223140495867768 0.03176652892561975 0.06060606060606059
0 0.7271435950413223 0.29132231404958675 0.025568181818181726 0.05647382920110193
0 0.7275309917355373 0.2520661157024793 0.0232438016528927 0.013774104683195603
1 0.38507231404958675 0.3732782369146005 0.032541322314049596 0.05785123966942152
1 0.39591942148760323 0.3257575757575757 0.021694214876033086 0.026170798898071616
1 0.4226497933884298 0.3464187327823691 0.02401859504132226 0.026170798898071654
1 0.4284607438016529 0.2871900826446281 0.02634297520661157 0.028925619834710724
1 0.45674070247933884 0.2982093663911845 0.028667355371900884 0.02617079889807158
1 0.5136880165289256 0.3443526170798898 0.02944214876033051 0.07162534435261708
2 0.424974173553719 0.3939393939393939 0.03641528925619838 0.05234159779614323
2 0.45674070247933884 0.37878787878787873 0.0240185950413224 0.06887052341597802
2 0.484245867768595 0.36088154269972444 0.02634297520661157 0.06611570247933883
2 0.35214359504132225 0.36914600550964183 0.022469008264462787 0.06060606060606062
2 0.3285123966942149 0.34366391184573 0.01704545454545457 0.06198347107438021
2 0.3726756198347107 0.3112947658402203 0.023243801652892627 0.02479338842975203
2 0.4005681818181818 0.3016528925619834 0.017045454545454534 0.01928374655647378
2 0.4265237603305785 0.31473829201101927 0.020919421487603243 0.020661157024793403
2 0.4536415289256198 0.3285123966942149 0.024018595041322328 0.026170798898071654
2 0.47998450413223137 0.31473829201101927 0.016270661157024833 0.020661157024793403
