0 0.4328231292517007 0.31594860166288724 0.09353741496598639 0.16628873771730915
0 0.5314625850340136 0.3265306122448979 0.09013605442176865 0.16931216931216922
0 0.6258503401360539 0.3371126228269085 0.09523809523809514 0.1723356009070295
0 0.529761904761905 0.21768707482993205 0.09013605442176872 0.10279667422524566
0 0.44387755102040805 0.21466364323507192 0.07823129251700682 0.09070294784580493
0 0.4506802721088436 0.15419501133786845 0.07823129251700679 0.07860922146636433
2 0.7219387755102038 0.3537414965986394 0.09353741496598633 0.16326530612244883
2 0.7176870748299321 0.2539682539682539 0.08843537414966027 0.10884353741496593
2 0.7083333333333331 0.19047619047619044 0.08333333333333343 0.090702947845805
2 0.6981292517006803 0.13454270597127743 0.07312925170068026 0.07558578987150419
2 0.6275510204081632 0.235827664399093 0.08503401360544217 0.10279667422524565
2 0.625 0.17535903250188967 0.07993197278911567 0.09070294784580499
2 0.6122448979591836 0.11942554799697659 0.07482993197278923 0.07558578987150419
2 0.5433673469387754 0.1602418745275888 0.07653061224489796 0.08465608465608467
2 0.5348639455782301 0.11035525321239603 0.06972789115646255 0.0755857898715041
2 0.4642857142857142 0.108843537414966 0.07142857142857144 0.08465608465608469
