2 0.5816326530612242 0.6560846560846559 0.12925170068027197 0.22978080120937291
2 0.6768707482993197 0.5442176870748299 0.12925170068027217 0.2297808012093724
2 0.7551020408163265 0.4323507180650038 0.1224489795918367 0.20559334845049126
2 0.8282312925170068 0.33257747543461824 0.11904761904761887 0.199546485260771
2 0.7414965986394555 0.18594104308390016 0.1088435374149657 0.18442932728647007
2 0.678571428571428 0.2887377173091459 0.11224489795918367 0.1965230536659108
2 0.6045918367346935 0.38699924414210124 0.11734693877551013 0.19954648526077082
2 0.6181972789115645 0.1587301587301587 0.10714285714285722 0.18442932728647007
2 0.6760204081632654 0.07860922146636436 0.1003401360544218 0.1572184429327287
2 0.6054421768707483 0.027210884353741492 0.0748299319727892 0.054421768707482984
0 0.5127551020408163 0.48526077097505665 0.12414965986394556 0.20861678004535145
0 0.44472789115646255 0.34920634920634924 0.11734693877551024 0.20256991685563114
0 0.5306122448979592 0.22978080120937264 0.11224489795918366 0.19349962207105065
0 0.3698979591836735 0.21315192743764172 0.11054421768707477 0.19652305366591083
0 0.4574829931972789 0.12698412698412698 0.10544217687074835 0.1693121693121693
0 0.5331632653061226 0.06046863189720333 0.10034013605442177 0.12093726379440665
