2 0.7806122448979592 0.7694633408919122 0.13265306122448975 0.23885109599395296
2 0.6513605442176871 0.7619047619047619 0.13265306122448975 0.2358276643990928
2 0.5136054421768708 0.7619047619047618 0.13265306122448972 0.24792139077853365
2 0.3784013605442177 0.7377173091458806 0.1309523809523809 0.24187452758881342
2 0.5255102040816326 0.5366591080876795 0.12585034013605445 0.20861678004535145
2 0.6522108843537415 0.5396825396825397 0.12414965986394556 0.20861678004535145
2 0.772108843537415 0.5306122448979592 0.12244897959183675 0.21466364323507178
2 0.7678571428571429 0.34467120181405897 0.11394557823129245 0.18140589569161
2 0.6598639455782308 0.3492063492063491 0.11564625850340127 0.17233560090702954
2 0.7448979591836735 0.18745275888133037 0.10884353741496598 0.16931216931216939
0 0.3996598639455782 0.5200302343159486 0.12585034013605445 0.217687074829932
0 0.41666666666666663 0.33257747543461846 0.12244897959183679 0.19349962207105073
0 0.5459183673469388 0.326530612244898 0.11904761904761912 0.19954648526077093
0 0.6394557823129251 0.1783824640967498 0.10884353741496597 0.18745275888133028
0 0.532312925170068 0.16326530612244902 0.10544217687074837 0.16931216931216933
0 0.4200680272108843 0.15419501133786848 0.11224489795918359 0.18140589569160998
