1 0.19194312796208532 0.2706687730384413 0.06872037914691946 0.09899947340705637
1 0.20023696682464454 0.363349131121643 0.05450236966824644 0.09478672985781991
0 0.19490521327014218 0.4549763033175356 0.058056872037914715 0.11374407582938381
1 0.4099526066350711 0.4770932069510268 0.0663507109004739 0.1116377040547657
1 0.40284360189573465 0.382306477093207 0.06161137440758296 0.1116377040547657
0 0.40047393364928907 0.28857293312269616 0.05924170616113748 0.10953133228014743
0 0.6220379146919431 0.3033175355450237 0.07109004739336484 0.12216956292785679
1 0.6273696682464456 0.39915745129015273 0.0651658767772512 0.1074249605055293
1 0.6149289099526066 0.5013164823591364 0.0663507109004739 0.11374407582938396
1 0.8874407582938388 0.32543443917851506 0.07109004739336484 0.12006319115323855
0 0.860781990521327 0.42338072669826227 0.06990521327014221 0.11795681937862028
0 0.8708530805687204 0.516061084781464 0.06635071090047404 0.1263823064770932
