0 0.09375 0.44077134986225885 0.04183884297520661 0.07438016528925623
0 0.031766528925619826 0.4738292011019283 0.046487603305785115 0.07988980716253444
0 0.04106404958677686 0.6811294765840219 0.06663223140495868 0.10606060606060609
0 0.9076704545454546 0.2196969696969697 0.0333161157024793 0.06473829201101924
0 0.8112086776859505 0.19214876033057848 0.02789256198347104 0.048209366391184574
0 0.7895144628099173 0.16322314049586775 0.013946280991735591 0.048209366391184574
2 0.5776084710743801 0.3939393939393938 0.03796487603305785 0.06611570247933883
2 0.4691373966942149 0.3588154269972451 0.03641528925619838 0.06749311294765832
2 0.43155991735537186 0.33815426997245174 0.02944214876033058 0.07300275482093667
2 0.4896694214876032 0.27134986225895313 0.024793388429752306 0.030303030303030266
2 0.4664256198347107 0.2954545454545454 0.02479338842975203 0.03168044077134983
2 0.5315082644628099 0.2823691460055096 0.02634297520661157 0.033057851239669415
1 0.5187241735537189 0.37052341597796135 0.03641528925619831 0.06336088154269973
1 0.5059400826446282 0.31336088154269964 0.032541322314049596 0.03443526170798901
1 0.5516528925619835 0.3367768595041321 0.026342975206611618 0.048209366391184554
1 0.6353305785123967 0.2803030303030303 0.02789256198347104 0.03994490358126725
1 0.5090392561983471 0.24173553719008262 0.023243801652892485 0.03168044077134983
2 0.556301652892562 0.2575757575757575 0.023243801652892627 0.03581267217630856
2 0.5892303719008264 0.26997245179063356 0.03021694214876035 0.038567493112947666
2 0.5748966942148759 0.2975206611570247 0.0232438016528925 0.03581267217630861
2 0.6264204545454554 0.32438016528925606 0.01782024793388459 0.05922865013774082
2 0.5954287190082644 0.3388429752066115 0.03486570247933884 0.0385674931129477
