0 0.6785714285714279 0.5442176870748301 0.12585034013605442 0.20559334845049176
0 0.6989795918367346 0.3688586545729403 0.11224489795918359 0.18140589569160998
0 0.7210884353741497 0.22071050642479215 0.10884353741496618 0.163265306122449
0 0.5833333333333335 0.328042328042328 0.1122448979591836 0.19047619047619055
0 0.6045918367346936 0.163265306122449 0.11054421768707469 0.163265306122449
0 0.5102040816326532 0.11186696900982616 0.1020408163265305 0.16931216931216933
2 0.6505102040816325 0.7407407407407408 0.13095238095238088 0.235827664399093
2 0.5212585034013606 0.6817838246409675 0.12755102040816324 0.2328042328042327
2 0.5382653061224488 0.4822373393801965 0.12414965986394538 0.1965230536659108
2 0.4013605442176869 0.5804988662131515 0.12585034013605445 0.22978080120937242
2 0.4319727891156459 0.3900226757369614 0.11564625850340121 0.18745275888133014
2 0.47023809523809496 0.23733938019652304 0.1105442176870747 0.16628873771730915
2 0.278061224489796 0.4897959183673468 0.12414965986394558 0.21164021164021166
2 0.3324829931972789 0.31594860166288746 0.11054421768707492 0.1783824640967499
2 0.3698979591836735 0.1783824640967498 0.10374149659863946 0.17535903250188967
2 0.41921768707483 0.06198034769463339 0.10034013605442191 0.12396069538926678
