0 0.05927169421487603 0.24724517906336083 0.034865702479338845 0.06749311294765842
0 0.013558884297520661 0.2389807162534435 0.022469008264462808 0.07300275482093664
0 0.9251033057851239 0.44421487603305776 0.03873966942148755 0.07851239669421489
0 0.8418130165289256 0.368457300275482 0.03176652892561975 0.06473829201101929
0 0.8522727272727272 0.32300275482093654 0.026342975206611642 0.023415977961432546
1 0.3660898760330579 0.3464187327823691 0.025568181818181837 0.05371900826446286
1 0.4207128099173553 0.33057851239669417 0.03719008264462815 0.03030303030303031
1 0.3970816115702479 0.3009641873278237 0.0255681818181818 0.026170798898071616
1 0.4617768595041322 0.26515151515151514 0.021694214876033086 0.03168044077134986
1 0.48811983471074377 0.29063360881542694 0.024793388429752098 0.02479338842975203
1 0.531120867768595 0.3581267217630853 0.031766528925619826 0.07162534435261705
2 0.4005681818181818 0.3898071625344352 0.03873966942148755 0.06611570247933883
2 0.4443440082644628 0.38016528925619825 0.03486570247933884 0.06060606060606055
2 0.490444214876033 0.3670798898071625 0.030991735537190052 0.056473829201101965
2 0.3409090909090908 0.32713498622589526 0.017045454545454634 0.06749311294765832
2 0.34284607438016523 0.2782369146005509 0.031766528925619826 0.02479338842975203
2 0.38662190082644626 0.27341597796143247 0.030991735537190052 0.0234159779614324
2 0.42652376033057826 0.26997245179063356 0.027117768595041267 0.024793388429752112
2 0.5036157024793387 0.31404958677685946 0.02944214876033058 0.024793388429752098
2 0.4462809917355372 0.2982093663911845 0.02789256198347111 0.017906336088154225
2 0.4641012396694215 0.32231404958677684 0.02789256198347111 0.02479338842975203
