0 0.18601895734597157 0.4444444444444444 0.06398104265402843 0.11795681937862035
1 0.18364928909952608 0.3433385992627699 0.06635071090047391 0.10531858873091107
1 0.17950236966824648 0.2527646129541864 0.0675355450236967 0.10953133228014743
1 0.40580568720379145 0.47077409162717226 0.0651658767772512 0.11585044760400208
1 0.403436018957346 0.3686150605581885 0.06279620853080572 0.10110584518167456
0 0.3998815165876778 0.2664560294892048 0.06990521327014221 0.10742496050552926
1 0.6285545023696683 0.4928909952606635 0.06279620853080572 0.10531858873091089
1 0.6409952606635071 0.3886255924170616 0.06398104265402836 0.1116377040547657
0 0.6356635071090047 0.28751974723538704 0.06990521327014214 0.12006319115323855
0 0.8939573459715641 0.5118483412322274 0.06753554502369667 0.11795681937862028
0 0.8809241706161137 0.41074249605055285 0.06753554502369667 0.11795681937862035
1 0.9158767772511848 0.30858346498156924 0.07582938388625593 0.12427593470247501
