0 0.20734597156398102 0.4697209057398631 0.05924170616113745 0.10531858873091103
1 0.20853080568720384 0.38125329120589785 0.059241706161137414 0.10531858873091096
1 0.20497630331753555 0.2948920484465508 0.06161137440758292 0.1011058451816745
1 0.41528436018957343 0.4992101105845181 0.06753554502369667 0.10953133228014743
1 0.41409952606635075 0.4033701948393892 0.06279620853080566 0.09899947340705637
0 0.4135071090047393 0.3075302790942601 0.06398104265402843 0.10953133228014746
1 0.6261848341232228 0.5255397577672459 0.06042654028436011 0.10321221695629276
1 0.639218009478673 0.4265402843601896 0.058056872037914646 0.10321221695629283
0 0.6350710900473934 0.32754081095313325 0.06872037914691936 0.11585044760400212
0 0.8827014218009478 0.5487098472880464 0.0639810426540285 0.11585044760400208
0 0.8738151658767772 0.4528699315429174 0.06753554502369667 0.1137440758293839
1 0.9010663507109004 0.35913638757240657 0.06990521327014207 0.12006319115323852
