0 0.01743285123966942 0.33471074380165283 0.03486570247933884 0.08264462809917358
0 0.09956095041322315 0.24793388429752064 0.03486570247933885 0.06611570247933883
0 0.1390754132231405 0.24586776859504128 0.03486570247933885 0.06198347107438014
0 0.8863636363636362 0.34573002754820936 0.03409090909090907 0.06336088154269966
0 0.8143078512396694 0.2954545454545454 0.026342975206611642 0.05096418732782368
0 0.8239927685950412 0.2527548209366391 0.022469008264462787 0.017906336088154298
1 0.4187758264462809 0.3161157024793388 0.022469008264462787 0.06749311294765839
1 0.44163223140495866 0.27479338842975204 0.018595041322314074 0.026170798898071616
1 0.45983987603305787 0.29063360881542694 0.02556818181818187 0.02479338842975203
1 0.5551394628099173 0.30785123966942146 0.02866735537190081 0.06473829201101924
1 0.4873450413223141 0.2355371900826446 0.018595041322314 0.02203856749311296
1 0.5133006198347106 0.25413223140495866 0.017820247933884373 0.02341597796143251
2 0.4493801652892562 0.3409090909090909 0.030991735537190052 0.053719008264462784
2 0.48308367768595034 0.32713498622589526 0.0255681818181818 0.056473829201101895
2 0.521823347107438 0.3161157024793388 0.028667355371900884 0.05922865013774107
2 0.3963068181818181 0.2954545454545454 0.020919421487603316 0.05922865013774107
2 0.3780991735537189 0.27134986225895313 0.015495867768595063 0.05785123966942152
2 0.4207128099173553 0.2520661157024793 0.021694214876033017 0.02754820936639117
2 0.45945247933884287 0.2451790633608815 0.020144628099173546 0.027548209366391206
2 0.4819214876033058 0.2617079889807162 0.023243801652892557 0.027548209366391206
2 0.4958677685950413 0.2789256198347107 0.018595041322314074 0.023415977961432438
2 0.5272469008264462 0.27134986225895313 0.024018595041322328 0.024793388429752098
