0 0.9088326446280997 0.24862258953168037 0.04338842975206617 0.06749311294765843
0 0.806172520661157 0.22314049586776855 0.02711776859504127 0.052341597796143266
0 0.7848657024793388 0.2079889807162534 0.009297520661157108 0.04958677685950413
0 0.0023243801652892563 0.2899449035812672 0.0046487603305785125 0.03994490358126725
1 0.4199380165289256 0.29683195592286493 0.03873966942148762 0.07300275482093664
1 0.5714101239669421 0.27066115702479304 0.020919421487603583 0.07300275482093654
1 0.45247933884297514 0.20936639118457298 0.024793388429752098 0.016528925619834708
1 0.4916064049586777 0.22038567493112943 0.031766528925619826 0.01928374655647385
1 0.4633264462809917 0.2548209366391184 0.03719008264462815 0.02203856749311296
1 0.42342458677685946 0.24035812672176304 0.03641528925619838 0.02341597796143251
2 0.3730630165289256 0.2796143250688705 0.03486570247933884 0.0661157024793388
2 0.4733987603305785 0.3119834710743801 0.04183884297520663 0.07575757575757577
2 0.5121384297520661 0.2954545454545454 0.02944214876033058 0.0840220385674931
2 0.543904958677686 0.27961432506887046 0.02944214876033058 0.08539944903581265
2 0.33935950413223137 0.26790633608815423 0.02634297520661157 0.0757575757575757
2 0.390495867768595 0.23415977961432502 0.02944214876033058 0.02203856749311292
2 0.4253615702479338 0.21487603305785122 0.02944214876033051 0.016528925619834708
2 0.5253099173553718 0.2286501377410468 0.03409090909090907 0.016528925619834673
2 0.49741735537190074 0.24173553719008262 0.027892561983471106 0.020661157024793434
2 0.45945247933884287 0.23071625344352614 0.02944214876033058 0.020661157024793368
