0 0.0596590909090909 0.27479338842975204 0.05268595041322313 0.08677685950413223
0 0.01162190082644628 0.4173553719008264 0.01859504132231405 0.11294765840220386
0 0.014721074380165289 0.2871900826446281 0.02324380165289256 0.0977961432506887
0 0.8220557851239669 0.15977961432506885 0.02789256198347104 0.05509641873278239
0 0.9223915289256197 0.18595041322314046 0.03641528925619838 0.05785123966942148
0 0.7972623966942148 0.1515151515151515 0.012396694214876191 0.06060606060606061
1 0.5152376033057852 0.2527548209366391 0.03719008264462808 0.06473829201101924
1 0.6488894628099173 0.21556473829201095 0.020919421487603316 0.07024793388429754
1 0.5102014462809917 0.16528925619834708 0.028667355371900884 0.03030303030303026
1 0.5570764462809916 0.17975206611570244 0.023243801652892557 0.028925619834710724
1 0.5497159090909091 0.22727272727272727 0.02711776859504127 0.04683195592286499
1 0.5063274793388429 0.20523415977961426 0.02866735537190074 0.02203856749311296
2 0.4265237603305785 0.227961432506887 0.02866735537190081 0.08126721763085396
2 0.46720041322314043 0.24793388429752064 0.03719008264462808 0.07988980716253444
2 0.4908316115702479 0.1783746556473829 0.02866735537190081 0.02341597796143251
2 0.4648760330578512 0.19214876033057848 0.03409090909090907 0.02617079889807158
2 0.5315082644628099 0.19077134986225894 0.023243801652892485 0.020661157024793403
2 0.5768336776859505 0.20316804407713496 0.02401859504132222 0.02341597796143245
2 0.5931043388429751 0.18112947658402198 0.0255681818181818 0.02341597796143251
2 0.578770661157025 0.2644628099173553 0.032541322314049305 0.07162534435261715
2 0.6097623966942148 0.24380165289256198 0.02014462809917356 0.07162534435261705
2 0.6299070247933883 0.23071625344352611 0.020144628099173546 0.07851239669421485
