0 0.049974173553719 0.29752066115702475 0.03951446280991735 0.06611570247933887
0 0.09336260330578511 0.29614325068870523 0.03331611570247932 0.05785123966942148
0 0.8452995867768596 0.34504132231404955 0.034090909090909206 0.061983471074380174
0 0.7751807851239668 0.3023415977961432 0.03176652892561975 0.048209366391184574
0 0.7813791322314049 0.2658402203856749 0.025568181818181726 0.02754820936639117
1 0.3800361570247934 0.3415977961432506 0.020919421487603243 0.04683195592286502
1 0.4036673553719009 0.2961432506887052 0.020144628099173497 0.024793388429752074
1 0.4207128099173553 0.31749311294765836 0.023243801652892557 0.023415977961432546
1 0.5167871900826446 0.3250688705234159 0.02944214876033058 0.05785123966942148
1 0.4726239669421487 0.27479338842975204 0.021694214876033017 0.02892561983471076
1 0.4486053719008264 0.26170798898071623 0.02634297520661157 0.02203856749311296
2 0.40870351239669417 0.3677685950413222 0.031766528925619895 0.06060606060606055
2 0.4466683884297521 0.3471074380165289 0.022469008264462857 0.05509641873278241
2 0.48579545454545453 0.3415977961432506 0.023243801652892627 0.05509641873278234
2 0.35253099173553715 0.3278236914600551 0.021694214876033017 0.05785123966942145
2 0.3459452479338843 0.2830578512396694 0.0255681818181818 0.02341597796143251
2 0.4908316115702479 0.29063360881542694 0.022469008264462787 0.02479338842975203
2 0.4579028925619834 0.3044077134986225 0.026342975206611642 0.030303030303030276
2 0.4369834710743801 0.29269972451790627 0.015495867768594991 0.02341597796143251
2 0.4191632231404958 0.2699724517906336 0.023243801652892627 0.027548209366391206
2 0.3815857438016529 0.2871900826446281 0.019369834710743775 0.028925619834710724
