0 0.17357819905213268 0.4549763033175356 0.06516587677725116 0.11374407582938381
1 0.1789099526066351 0.35703001579778826 0.06161137440758292 0.09478672985781991
1 0.17239336492890994 0.2685624012638231 0.06279620853080566 0.11585044760400215
1 0.3850710900473933 0.4770932069510268 0.06161137440758289 0.11585044760400208
1 0.3850710900473933 0.37704054765666145 0.05924170616113748 0.10531858873091103
0 0.3838862559241706 0.2843601895734597 0.06398104265402843 0.11795681937862028
1 0.6001184834123222 0.506582411795682 0.058056872037914715 0.09899947340705637
1 0.6101895734597157 0.4075829383886256 0.05687203791469202 0.10742496050552923
0 0.6030805687203792 0.31068983675618744 0.06872037914691959 0.11163770405476565
0 0.84478672985782 0.5308056872037915 0.06398104265402836 0.11374407582938381
0 0.8347156398104265 0.4328593996840442 0.06516587677725112 0.10742496050552923
1 0.8696682464454978 0.34017904160084256 0.06872037914691945 0.12427593470247501
