0 0.025568181818181816 0.31749311294765836 0.040289256198347105 0.0730027548209366
0 0.9584194214876033 0.4008264462809917 0.044938016528925574 0.0798898071625345
0 0.862345041322314 0.34917355371900816 0.03254132231404952 0.06473829201101924
0 0.8592458677685948 0.30371900826446274 0.02944214876033058 0.01515151515151512
1 0.4063791322314049 0.38360881542699715 0.03951446280991732 0.06473829201101929
1 0.5714101239669421 0.36983471074380164 0.03021694214876035 0.0702479338842975
1 0.4257489669421487 0.33195592286501374 0.031766528925619826 0.022038567493112993
1 0.45247933884297525 0.35123966942148754 0.02634297520661157 0.027548209366391206
1 0.506327479338843 0.3085399449035812 0.02711776859504134 0.02203856749311292
1 0.471849173553719 0.290633608815427 0.02789256198347104 0.01928374655647385
2 0.4474431818181818 0.4097796143250688 0.0333161157024793 0.07575757575757577
2 0.4916064049586777 0.3960055096418732 0.03641528925619831 0.06473829201101929
2 0.5346074380165288 0.3849862258953168 0.04183884297520656 0.0730027548209366
2 0.3711260330578512 0.36501377410468316 0.02944214876033058 0.06887052341597794
2 0.3455578512396694 0.34435261707988973 0.017045454545454534 0.06611570247933883
2 0.4009555785123966 0.31060606060606055 0.02711776859504134 0.020661157024793333
2 0.44163223140495866 0.303030303030303 0.02789256198347104 0.027548209366391133
2 0.47494834710743794 0.31749311294765836 0.030991735537190125 0.023415977961432546
2 0.49935433884297514 0.3415977961432506 0.02866735537190081 0.019283746556473816
2 0.5322830578512396 0.33195592286501374 0.024793388429751956 0.019283746556473885
