0 0.47959183673469397 0.30083144368858655 0.09183673469387763 0.1783824640967498
0 0.5612244897959185 0.34164777021919873 0.098639455782313 0.1874527588813302
0 0.6505102040816326 0.40211640211640204 0.10714285714285748 0.19954648526077093
0 0.7074829931972789 0.30990173847316704 0.09523809523809533 0.1783824640967498
0 0.7568027210884354 0.2418745275888133 0.09183673469387742 0.15721844293272866
0 0.6105442176870749 0.24943310657596376 0.08843537414965993 0.14210128495842786
2 0.4098639455782314 0.24036281179138327 0.09183673469387758 0.16628873771730915
2 0.8069727891156465 0.19198790627362058 0.08673469387755108 0.14814814814814817
2 0.7270408163265312 0.12093726379440667 0.07993197278911554 0.09674981103552542
2 0.6785714285714286 0.18140589569160998 0.08503401360544217 0.11489040060468632
2 0.6564625850340137 0.08616780045351476 0.07142857142857142 0.0876795162509448
2 0.6028911564625851 0.13151927437641725 0.07993197278911567 0.09977324263038549
2 0.5382653061224489 0.18594104308390022 0.08333333333333336 0.11791383219954649
2 0.46343537414965985 0.1602418745275888 0.08333333333333329 0.1148904006046863
2 0.5289115646258503 0.108843537414966 0.07823129251700678 0.09674981103552532
2 0.586734693877551 0.054421768707483 0.07142857142857154 0.08465608465608467
