0 0.054235537190082644 0.2803030303030302 0.041838842975206604 0.07851239669421485
0 0.10885847107438015 0.2727272727272727 0.039514462809917356 0.07438016528925623
0 0.950671487603306 0.2679063360881541 0.03873966942148758 0.06749311294765833
0 0.9436983471074376 0.22451790633608795 0.043388429752066165 0.013774104683195558
1 0.49664256198347106 0.3161157024793388 0.03409090909090907 0.0702479338842975
1 0.6616735537190082 0.2982093663911845 0.02944214876033058 0.07575757575757575
1 0.5121384297520661 0.2617079889807162 0.026342975206611642 0.02479338842975203
1 0.5462293388429752 0.27617079889807156 0.030991735537190052 0.020661157024793368
1 0.5528150826446281 0.23278236914600547 0.02866735537190081 0.02203856749311296
1 0.5911673553719008 0.24173553719008262 0.024793388429751956 0.020661157024793403
2 0.5458419421487604 0.33333333333333326 0.04106404958677679 0.07438016528925626
2 0.5892303719008264 0.3168044077134986 0.0333161157024793 0.07162534435261705
2 0.6264204545454546 0.3085399449035812 0.03486570247933891 0.07988980716253444
2 0.4579028925619834 0.3023415977961432 0.026342975206611642 0.0730027548209366
2 0.4296229338842973 0.28099173553719003 0.014721074380165462 0.06887052341597796
2 0.48385847107437985 0.24862258953168045 0.03021694214876027 0.026170798898071626
2 0.6190599173553718 0.25550964187327824 0.024793388429752098 0.017906336088154225
2 0.5857438016528925 0.2644628099173553 0.02634297520661157 0.01928374655647378
2 0.5570764462809917 0.2548209366391184 0.02789256198347111 0.016528925619834673
2 0.5222107438016529 0.23760330578512392 0.02789256198347111 0.020661157024793368
