0 0.08251549586776859 0.29752066115702475 0.039514462809917356 0.06336088154269973
0 0.036415289256198344 0.3002754820936639 0.03099173553719008 0.05785123966942148
0 0.8418130165289256 0.3367768595041322 0.03951446280991732 0.05922865013774107
0 0.7705320247933883 0.29683195592286504 0.028667355371900953 0.059228650137741035
0 0.7767303719008264 0.25550964187327824 0.024018595041322328 0.020661157024793403
1 0.375 0.34504132231404955 0.021694214876033017 0.05647382920110193
1 0.3978564049586777 0.29614325068870523 0.022469008264462787 0.02479338842975203
1 0.418388429752066 0.3133608815426997 0.02634297520661157 0.023415977961432546
1 0.4462809917355372 0.25964187327823685 0.02479338842975203 0.026170798898071616
1 0.46875 0.2727272727272727 0.017045454545454534 0.02203856749311296
1 0.515625 0.32713498622589526 0.022469008264462857 0.06198347107438021
2 0.40909090909090906 0.3608815426997245 0.032541322314049596 0.05785123966942145
2 0.4466683884297521 0.34779614325068864 0.02711776859504134 0.06198347107438021
2 0.48114669421487605 0.3374655647382919 0.023243801652892627 0.05785123966942148
2 0.34749483471074377 0.3285123966942149 0.020919421487603243 0.06749311294765839
2 0.3432334710743801 0.28099173553719003 0.03564049586776854 0.02203856749311296
2 0.37654958677685946 0.2858126721763085 0.017045454545454534 0.039944903581267184
2 0.4149018595041322 0.268595041322314 0.024018595041322328 0.02754820936639117
2 0.4869576446280991 0.2885674931129476 0.022469008264462787 0.023415977961432546
2 0.45596590909090906 0.3037190082644628 0.0255681818181818 0.020661157024793403
2 0.43775826446280985 0.2871900826446281 0.02634297520661157 0.017906336088154225
