0 0.007360537190082644 0.46212121212121204 0.014721074380165289 0.081267217630854
0 0.051136363636363626 0.3553719008264462 0.03719008264462809 0.06336088154269973
0 0.09917355371900825 0.3415977961432506 0.03719008264462809 0.06060606060606062
0 0.8456869834710744 0.3340220385674931 0.03641528925619823 0.06473829201101929
0 0.7693698347107437 0.2982093663911845 0.02944214876033058 0.050964187327823644
0 0.7713068181818181 0.25344352617079885 0.024018595041322328 0.02203856749311292
1 0.4121900826446281 0.3677685950413222 0.030991735537190125 0.06060606060606055
1 0.42303719008264457 0.3230027548209366 0.03564049586776861 0.02617079889807158
1 0.4509297520661157 0.3367768595041322 0.018595041322314074 0.023415977961432476
1 0.46061466942148754 0.2796143250688705 0.0255681818181818 0.030303030303030346
1 0.48811983471074377 0.2933884297520661 0.021694214876033017 0.02479338842975203
1 0.5419679752066116 0.3415977961432506 0.02556818181818187 0.06060606060606062
2 0.3602789256198347 0.32713498622589526 0.017045454545454534 0.056473829201101895
2 0.3831353305785123 0.35468319559228645 0.019369834710743775 0.061983471074380174
2 0.44976756198347106 0.38774104683195587 0.024018595041322328 0.06473829201101929
2 0.4823088842975207 0.3712121212121211 0.019369834710743775 0.06473829201101929
2 0.512138429752066 0.3546831955922864 0.02789256198347111 0.053719008264462784
2 0.3974690082644628 0.30716253443526165 0.017045454545454534 0.02754820936639117
2 0.43233471074380164 0.29269972451790627 0.02479338842975203 0.02341597796143251
2 0.46022727272727265 0.309228650137741 0.020144628099173546 0.017906336088154225
2 0.5086518595041322 0.3119834710743801 0.019369834710743775 0.023415977961432438
2 0.4823088842975206 0.32369146005509636 0.017820247933884304 0.024793388429752098
