0 0.051523760330578504 0.5303030303030302 0.056559917355371886 0.08539944903581265
0 0.04222623966942148 0.3960055096418732 0.05191115702479339 0.081267217630854
0 0.09723657024793388 0.38085399449035806 0.041064049586776855 0.08677685950413228
0 0.7561983471074378 0.18388429752066113 0.0263429752066115 0.048209366391184574
0 0.8383264462809916 0.20385674931129472 0.02944214876033058 0.04958677685950409
0 0.7360537190082644 0.1680440771349862 0.012396694214876049 0.046831955922865
1 0.47494834710743805 0.321625344352617 0.03409090909090907 0.05647382920110193
1 0.47572314049586795 0.21831955922865012 0.024793388429752036 0.020661157024793413
1 0.5171745867768595 0.23071625344352611 0.024018595041322328 0.026170798898071616
1 0.5942665289256198 0.2658402203856749 0.015495867768594991 0.06336088154269973
1 0.4683626033057851 0.27134986225895313 0.030216942148760282 0.030303030303030276
1 0.5086518595041322 0.2830578512396694 0.022469008264462857 0.03443526170798901
2 0.43853305785123964 0.3181818181818181 0.032541322314049596 0.07438016528925616
2 0.4013429752066115 0.296831955922865 0.02789256198347111 0.0702479338842975
2 0.5284090909090909 0.3353994490358126 0.03254132231404945 0.05922865013774107
2 0.5555268595041322 0.3057851239669421 0.023243801652892557 0.06887052341597791
2 0.5772210743801653 0.2885674931129476 0.018595041322314074 0.06749311294765835
2 0.5504907024793388 0.24517906336088152 0.022469008264462857 0.02203856749311296
2 0.45983987603305776 0.2410468319559228 0.02866735537190074 0.024793388429752063
2 0.43349690082644626 0.25688705234159775 0.03331611570247937 0.03168044077134986
2 0.49393078512396693 0.24586776859504128 0.03176652892561975 0.02892561983471076
2 0.5315082644628099 0.2630853994490358 0.020144628099173546 0.024793388429752063
