0 0.11234504132231404 0.41115702479338834 0.04493801652892561 0.07851239669421489
0 0.15999483471074377 0.3849862258953168 0.03796487603305783 0.06473829201101929
0 0.15418388429752064 0.5413223140495868 0.04648760330578515 0.08264462809917354
0 0.8588584710743801 0.18319559228650134 0.03796487603305792 0.05509641873278238
0 0.7767303719008265 0.17286501377410468 0.02711776859504127 0.04820936639118454
0 0.7530991735537189 0.1604683195592286 0.013946280991735591 0.05096418732782368
1 0.531120867768595 0.315426997245179 0.02711776859504111 0.049586776859504134
1 0.5187241735537189 0.2679063360881543 0.019369834710743737 0.02892561983471069
1 0.5144628099173554 0.2141873278236914 0.02634297520661157 0.02341597796143251
1 0.5578512396694214 0.22382920110192836 0.023243801652892557 0.02892561983471076
1 0.6229338842975206 0.23278236914600556 0.02014462809917337 0.027548209366391255
2 0.4931559917355371 0.3106060606060606 0.03486570247933891 0.05647382920110187
2 0.4509297520661157 0.3016528925619834 0.02634297520661157 0.06060606060606059
2 0.4830836776859504 0.25413223140495866 0.024018595041322328 0.03168044077134983
2 0.5024535123966942 0.23966942148760328 0.01627066115702476 0.03030303030303031
2 0.5404183884297519 0.24517906336088152 0.02091942148760324 0.022038567493112914
2 0.5876807851239669 0.3181818181818181 0.02866735537190081 0.06611570247933883
2 0.5985278925619834 0.27134986225895313 0.022469008264462857 0.024793388429752098
2 0.6248708677685945 0.2768595041322311 0.014721074380165473 0.0550964187327823
1 0.5605630165289256 0.27685950413223137 0.02711776859504134 0.033057851239669415
2 0.5764462809917356 0.25413223140495866 0.026342975206611642 0.02341597796143251
2 0.5869059917355371 0.2286501377410468 0.02866735537190081 0.02754820936639117
