0 0.6700680272108848 0.5260770975056687 0.12925170068027217 0.2116402116402113
0 0.6887755102040815 0.34920634920634924 0.1122448979591836 0.1723356009070294
0 0.7125850340136054 0.20408163265306123 0.10884353741496597 0.14814814814814814
0 0.5799319727891158 0.3068783068783069 0.10544217687074835 0.17838246409674977
0 0.6028911564625851 0.15117157974300835 0.1037414965986396 0.15721844293272869
0 0.5085034013605442 0.10279667422524565 0.09863945578231262 0.1693121693121693
2 0.6369047619047619 0.7150415721844294 0.1275510204081632 0.23280423280423307
2 0.5093537414965987 0.6515495086923658 0.12414965986394554 0.23280423280423268
2 0.5323129251700677 0.455026455026455 0.11904761904761896 0.19047619047619027
2 0.39795918367346933 0.5487528344671202 0.12244897959183676 0.21466364323507175
2 0.4302721088435372 0.3643235071806501 0.11564625850340118 0.1904761904761906
2 0.4668367346938778 0.22675736961451243 0.10714285714285725 0.1753590325018896
2 0.27465986394557823 0.45653817082388515 0.1207482993197279 0.2055933484504913
2 0.3282312925170068 0.29931972789115646 0.11224489795918366 0.18745275888133026
2 0.3741496598639457 0.15873015873015864 0.10544217687074814 0.17233560090702935
2 0.42091836734693877 0.05139833711262283 0.09693877551020406 0.10279667422524566
