1 0.2956161137440758 0.2948920484465508 0.05331753554502374 0.0968931016324381
1 0.30154028436018954 0.37704054765666145 0.053317535545023664 0.08846761453396518
0 0.2956161137440758 0.46656134807793576 0.05094786729857816 0.08214849921011058
0 0.4940758293838863 0.31490258030542395 0.054502369668246474 0.1032122169562928
1 0.49526066350710907 0.40442338072669826 0.052132701421801 0.09689310163243818
1 0.4946682464454976 0.5013164823591364 0.06042654028436011 0.10531858873091096
0 0.7144549763033176 0.34017904160084256 0.06635071090047404 0.10742496050552923
1 0.7215639810426541 0.4370721432332807 0.059241706161137414 0.09899947340705637
1 0.7037914691943128 0.537124802527646 0.059241706161137414 0.1011058451816745
1 0.9774881516587678 0.3783043675073641 0.04502369668246445 0.12890994617849855
0 0.9543838862559241 0.47288046340179046 0.06990521327014221 0.1116377040547657
0 0.9644549763033176 0.5805160578707131 0.07109004739336484 0.13228015387416078
