2 0.047262396694214864 0.2534435261707989 0.05733471074380163 0.08264462809917354
0 0.02479338842975206 0.4097796143250687 0.04493801652892561 0.13911845730027544
0 0.0073605371900826435 0.27341597796143247 0.010072314049586775 0.09228650137741046
0 0.8642820247933883 0.17699724517906332 0.033316115702479436 0.056473829201101895
0 0.7724690082644627 0.15633608815426997 0.02944214876033058 0.05647382920110191
0 0.7484504132231404 0.1446280991735537 0.015495867768594991 0.052341597796143266
1 0.5059400826446281 0.2410468319559228 0.04028925619834709 0.07162534435261708
1 0.6268078512396692 0.20523415977961426 0.01239669421487592 0.07713498622589532
2 0.4900568181818179 0.15564738292011016 0.014721074380165162 0.024793388429752112
1 0.5326704545454546 0.16528925619834708 0.022469008264462787 0.03030303030303026
1 0.4900568181818181 0.19146005509641867 0.031766528925619895 0.02203856749311296
1 0.5392561983471075 0.20936639118457298 0.018595041322314116 0.03305785123966942
2 0.4118026859504132 0.21280991735537189 0.03486570247933884 0.06749311294765839
2 0.45635330578512395 0.23415977961432502 0.02944214876033058 0.07438016528925623
2 0.5694731404958678 0.25688705234159775 0.029442148760330567 0.05922865013774101
2 0.5954287190082644 0.22865013774104676 0.014721074380165365 0.06060606060606059
2 0.4451188016528926 0.1783746556473829 0.02711776859504134 0.02892561983471076
2 0.4679752066115702 0.16666666666666663 0.020144628099173546 0.02479338842975208
2 0.512138429752066 0.1735537190082644 0.023243801652892485 0.01928374655647385
2 0.5609504132231402 0.1880165289256197 0.024793388429752154 0.02341597796143235
2 0.5698605371900826 0.16528925619834708 0.024018595041322328 0.016528925619834708
2 0.6116993801652889 0.21694214876033052 0.013171487603305798 0.053719008264462825
