1 0.13744075829383887 0.26540284360189575 0.05924170616113745 0.09689310163243814
1 0.14514218009478674 0.35703001579778826 0.05568720379146921 0.09057398630858352
1 0.3548578199052133 0.3823064770932069 0.058056872037914715 0.09057398630858345
1 0.3530805687203792 0.4770932069510269 0.06161137440758296 0.10321221695629283
1 0.5722748815165877 0.4096893101632438 0.0663507109004739 0.09478672985781991
1 0.5639810426540285 0.506582411795682 0.054502369668246405 0.09478672985781991
1 0.8222748815165878 0.34017904160084256 0.06872037914691945 0.1116377040547657
0 0.139218009478673 0.4528699315429174 0.0627962085308057 0.10110584518167456
0 0.3507109004739336 0.2896261190100053 0.06398104265402846 0.1032122169562928
0 0.5657582938388626 0.30963665086887837 0.0651658767772512 0.11374407582938392
0 0.7920616113744078 0.430753027909426 0.06279620853080572 0.1116377040547657
0 0.8003554502369669 0.5308056872037915 0.06753554502369667 0.1011058451816745
