0 0.6641156462585033 0.32653061224489766 0.10034013605442203 0.17535903250188944
0 0.564625850340136 0.32199546485260766 0.09523809523809518 0.17838246409674988
0 0.5510204081632653 0.2086167800453515 0.08843537414965985 0.11489040060468639
0 0.4574829931972789 0.32501889644746784 0.09863945578231295 0.17233560090702948
0 0.4625850340136054 0.21164021164021166 0.08843537414965986 0.09674981103552532
0 0.457482993197279 0.14663643235071805 0.08503401360544215 0.09977324263038546
2 0.7653061224489796 0.3340891912320484 0.09523809523809533 0.17838246409674985
2 0.7482993197278909 0.22222222222222215 0.08843537414965978 0.11186696900982614
2 0.6547619047619048 0.21919879062736208 0.09183673469387756 0.11186696900982614
2 0.727891156462585 0.15721844293272882 0.08503401360544212 0.09674981103552546
2 0.7091836734693878 0.09674981103552532 0.07823129251700692 0.09674981103552532
2 0.6394557823129251 0.14663643235071805 0.0816326530612244 0.09977324263038546
2 0.6181972789115643 0.08919123204837494 0.07653061224489775 0.08163265306122451
2 0.5544217687074829 0.14058956916099774 0.08163265306122447 0.09977324263038549
2 0.5374149659863939 0.08919123204837492 0.0714285714285713 0.09372637944066514
2 0.461734693877551 0.090702947845805 0.07312925170068015 0.09674981103552534
