0 0.19964454976303314 0.48867825171142704 0.0793838862559242 0.12216956292785681
1 0.19312796208530805 0.3644023170089521 0.07582938388625593 0.13059505002632965
1 0.18127962085308055 0.2590837282780411 0.0805687203791469 0.12216956292785679
1 0.4632701421800948 0.5097419694576093 0.075829383886256 0.13902053712480253
1 0.4579383886255924 0.3865192206424435 0.06753554502369667 0.12006319115323855
0 0.4585308056872038 0.2875197472353871 0.07582938388625593 0.14112690889942076
1 0.7328199052132702 0.5360716166403371 0.07464454976303302 0.13691416535018433
1 0.7482227488151659 0.4149552395997894 0.07464454976303316 0.12638230647709328
0 0.7488151658767772 0.3001579778830964 0.08530805687203781 0.13270142180094788
0 0.9958530805687204 0.44549763033175355 0.003554502369668313 0.0779357556608742
