0 0.00581095041322314 0.32231404958677684 0.008522727272727272 0.04958677685950413
0 0.9204545454545453 0.3553719008264462 0.034090909090909206 0.06887052341597794
0 0.8224431818181819 0.31473829201101927 0.03021694214876035 0.06749311294765839
0 0.7995867768595041 0.29063360881542694 0.009297520661156966 0.04958677685950413
1 0.40947830578512395 0.36914600550964183 0.03641528925619838 0.06887052341597794
1 0.5683109504132231 0.34779614325068864 0.02556818181818194 0.06749311294765832
1 0.4207128099173553 0.3161157024793388 0.02789256198347104 0.023415977961432438
1 0.45596590909090906 0.3367768595041322 0.03021694214876035 0.02892561983471076
1 0.4916064049586777 0.29132231404958675 0.0255681818181818 0.02341597796143251
1 0.45674070247933884 0.27272727272727265 0.0255681818181818 0.01928374655647385
2 0.3684142561983471 0.3526170798898071 0.03021694214876035 0.07162534435261708
2 0.45867768595041297 0.3966942148760327 0.03873966942148762 0.0688705234159779
2 0.5005165289256197 0.3753443526170798 0.02789256198347111 0.07300275482093667
2 0.5369318181818181 0.36088154269972444 0.02789256198347111 0.06611570247933883
2 0.3370351239669421 0.3264462809917355 0.020144628099173546 0.06611570247933887
2 0.38778409090909094 0.2954545454545454 0.0255681818181818 0.026170798898071616
2 0.42419938016528924 0.28305785123966937 0.02711776859504127 0.026170798898071616
2 0.4579028925619834 0.3016528925619834 0.02789256198347104 0.024793388429752063
2 0.4923811983471074 0.3202479338842975 0.02866735537190081 0.02341597796143251
2 0.5253099173553718 0.30853994490358116 0.023243801652892557 0.024793388429752063
