0 0.0065857438016528914 0.4180440771349862 0.011621900826446279 0.05922865013774107
0 0.05655991735537191 0.3064738292011019 0.04183884297520661 0.059228650137741035
0 0.10692148760330579 0.29752066115702475 0.03719008264462809 0.06336088154269973
0 0.8960485537190082 0.2954545454545454 0.03641528925619823 0.07300275482093664
0 0.8135330578512396 0.25964187327823685 0.030991735537189983 0.059228650137741035
0 0.8150826446280991 0.21625344352617076 0.030991735537190125 0.02203856749311296
1 0.42226239669421484 0.331267217630854 0.02944214876033058 0.06473829201101929
1 0.5594008264462809 0.3050964187327823 0.02944214876033058 0.06749311294765835
1 0.4768853305785124 0.2355371900826446 0.02556818181818187 0.02203856749311296
1 0.5078770661157024 0.2527548209366391 0.022469008264462787 0.02892561983471076
1 0.4369834710743801 0.28168044077134985 0.02479338842975203 0.026170798898071654
1 0.46100206611570244 0.29752066115702475 0.023243801652892627 0.030303030303030276
2 0.45712809917355374 0.34848484848484845 0.03719008264462808 0.06336088154269977
2 0.4950929752066115 0.33057851239669417 0.02789256198347111 0.05785123966942152
2 0.5272469008264463 0.321625344352617 0.02711776859504134 0.061983471074380174
2 0.39088326446280985 0.3168044077134986 0.02556818181818187 0.06336088154269973
2 0.37073863636363624 0.29063360881542694 0.01472107438016529 0.05785123966942145
2 0.412577479338843 0.27272727272727265 0.01627066115702476 0.04132231404958677
2 0.4501549586776859 0.2527548209366391 0.023243801652892557 0.026170798898071654
2 0.4768853305785123 0.268595041322314 0.019369834710743775 0.024793388429752063
2 0.4989669421487603 0.28305785123966937 0.021694214876033017 0.02892561983471076
2 0.5307334710743802 0.2692837465564738 0.021694214876033017 0.03168044077134986
