2 0.6811224489795917 0.8828420256991683 0.14455782312925147 0.22373393801965227
2 0.7423469387755103 0.6606198034769463 0.13775510204081642 0.2448979591836734
2 0.7942176870748299 0.4822373393801965 0.12925170068027214 0.22071050642479206
2 0.8171768707482993 0.3038548752834467 0.12755102040816324 0.19047619047619047
2 0.5484693877551018 0.7906273620559336 0.14455782312925172 0.25094482237339394
2 0.6122448979591836 0.5895691609977323 0.13265306122448983 0.2418745275888133
2 0.6726190476190476 0.41269841269841273 0.12755102040816324 0.2025699168556312
2 0.4183673469387755 0.6908541194255481 0.13945578231292516 0.2509448223733938
2 0.4897959183673467 0.5018896447467874 0.1326530612244898 0.22373393801965227
2 0.30272108843537415 0.578987150415722 0.13265306122448983 0.23280423280423285
0 0.7091836734693878 0.217687074829932 0.11904761904761899 0.18745275888133034
0 0.5663265306122449 0.3129251700680273 0.12244897959183676 0.20256991685563122
0 0.6003401360544217 0.14663643235071805 0.1190476190476189 0.1783824640967498
0 0.49659863945578236 0.08767951625094476 0.11224489795918383 0.17535903250188953
0 0.4413265306122448 0.24187452758881325 0.12074829931972789 0.21164021164021155
0 0.379251700680272 0.4021164021164019 0.12925170068027184 0.23582766439909292
