0 0.039514462809917356 0.227961432506887 0.05268595041322314 0.0702479338842975
0 0.003099173553719008 0.23484848484848478 0.006198347107438016 0.059228650137741035
0 0.9297520661157023 0.19421487603305773 0.041838842975206535 0.0743801652892561
0 0.8294163223140495 0.17217630853994487 0.033316115702479436 0.0661157024793388
0 0.8069473140495868 0.16460055096418727 0.008522727272727196 0.06473829201101927
1 0.44783057851239666 0.23760330578512395 0.04028925619834709 0.06749311294765839
1 0.596590909090909 0.21625344352617085 0.024793388429751772 0.07713498622589536
1 0.4823088842975206 0.15358126721763085 0.02711776859504127 0.023415977961432494
1 0.5210485537190083 0.16666666666666663 0.02711776859504134 0.02203856749311296
1 0.45441632231404955 0.18939393939393936 0.031766528925619826 0.02341597796143251
1 0.4900568181818183 0.2031680440771347 0.031766528925619854 0.023415977961432494
1 0.4912190082644628 0.20247933884297517 0.030991735537190125 0.024793388429752063
2 0.3742252066115702 0.21556473829201095 0.02634297520661157 0.08677685950413223
2 0.40715392561983466 0.23140495867768593 0.030216942148760282 0.07988980716253444
2 0.49935433884297514 0.25826446280991733 0.03951446280991732 0.06749311294765839
2 0.5349948347107438 0.23966942148760328 0.025568181818181726 0.07162534435261705
2 0.5675361570247933 0.22727272727272724 0.024018595041322328 0.07162534435261705
2 0.4211002066115702 0.1783746556473829 0.024018595041322328 0.020661157024793368
2 0.45635330578512395 0.1680440771349862 0.024793388429752098 0.016528925619834708
2 0.4912190082644628 0.17768595041322313 0.02944214876033058 0.01928374655647385
2 0.5245351239669421 0.19077134986225894 0.02789256198347111 0.017906336088154264
2 0.552815082644628 0.1783746556473829 0.02711776859504134 0.02341597796143251
