0 0.7705320247933883 0.29201101928374645 0.027117768595041412 0.05785123966942148
0 0.8646694214876033 0.32920110192837454 0.030991735537189983 0.06336088154269966
0 0.7438016528925618 0.27341597796143247 0.007747933884297567 0.053719008264462825
1 0.3901084710743801 0.36983471074380164 0.03796487603305785 0.07575757575757577
1 0.5427427685950413 0.3388429752066115 0.024018595041322328 0.07438016528925623
1 0.42303719008264457 0.26584022038567484 0.027892561983470992 0.03581267217630858
1 0.4617768595041322 0.2837465564738292 0.02479338842975203 0.02479338842975203
1 0.4307851239669421 0.331267217630854 0.032541322314049596 0.03443526170798897
1 0.3924328512396694 0.31267217630853994 0.030216942148760282 0.03305785123966945
2 0.3459452479338843 0.35192837465564736 0.0333161157024793 0.0730027548209366
2 0.3095299586776859 0.32920110192837465 0.02711776859504127 0.06887052341597794
2 0.4451188016528926 0.3932506887052341 0.03641528925619838 0.0702479338842975
2 0.48308367768595034 0.3663911845730027 0.0255681818181818 0.07438016528925616
2 0.5144628099173554 0.3567493112947658 0.02634297520661157 0.07438016528925616
2 0.35601756198347106 0.2961432506887052 0.02711776859504134 0.02203856749311292
2 0.39127066115702475 0.27823691460055094 0.02479338842975203 0.02203856749311292
2 0.4303977272727272 0.3002754820936639 0.02711776859504134 0.022038567493112886
2 0.4679752066115702 0.3168044077134986 0.030991735537190052 0.024793388429752063
2 0.49935433884297525 0.29958677685950413 0.02556818181818194 0.03168044077134983
