1 0.1646919431279621 0.27804107424960506 0.06635071090047391 0.10953133228014746
1 0.1765402843601896 0.3665086887835703 0.06161137440758296 0.10531858873091096
0 0.1712085308056872 0.46656134807793576 0.058056872037914715 0.09478672985781991
1 0.3880331753554502 0.4855186940494997 0.06279620853080566 0.11585044760400215
1 0.3880331753554502 0.3854660347551343 0.06279620853080566 0.10110584518167456
0 0.3862559241706161 0.29067930489731436 0.06872037914691945 0.1137440758293839
1 0.6054502369668247 0.507635597682991 0.06398104265402836 0.10531858873091096
1 0.6149289099526066 0.40652975250131645 0.06398104265402836 0.1095313322801475
0 0.6084123222748815 0.3033175355450237 0.07464454976303322 0.1137440758293839
0 0.8619668246445498 0.5276461295418641 0.06753554502369667 0.12006319115323848
0 0.8477488151658767 0.4286466561348078 0.07227488151658762 0.11585044760400208
1 0.8809241706161137 0.32964718272775145 0.07227488151658776 0.12427593470247501
