0 0.7517006802721089 0.3507180650037792 0.1054421768707482 0.19349962207105062
0 0.6564625850340136 0.37641723356009066 0.10204081632653057 0.20256991685563114
0 0.5416666666666667 0.42630385487528344 0.11054421768707492 0.21164021164021166
0 0.58843537414966 0.26455026455026454 0.10204081632653064 0.13605442176870752
0 0.5017006802721089 0.3204837490551776 0.09523809523809526 0.18140589569161
0 0.4608843537414969 0.24187452758881334 0.08843537414965982 0.16326530612244883
2 0.8452380952380952 0.3129251700680272 0.10204081632653057 0.18442932728647016
2 0.788265306122449 0.1980347694633409 0.0935374149659863 0.11791383219954649
2 0.6989795918367343 0.22826908541194255 0.0952380952380953 0.12396069538926686
2 0.7355442176870749 0.1330309901738473 0.08673469387755091 0.11489040060468632
2 0.6488095238095238 0.15721844293272863 0.08673469387755112 0.11489040060468629
2 0.5620748299319727 0.18140589569161 0.09353741496598648 0.12698412698412698
2 0.6853741496598641 0.0710506424792139 0.0782312925170065 0.08767951625094483
2 0.5977891156462586 0.09372637944066514 0.08333333333333336 0.10279667422524566
2 0.5144557823129251 0.1239606953892668 0.08333333333333331 0.12093726379440665
2 0.43537414965986393 0.16477702191987906 0.0884353741496598 0.14814814814814814
