0 0.07825413223140495 0.32920110192837454 0.03564049586776861 0.06336088154269966
0 0.12822830578512398 0.3223140495867768 0.04106404958677686 0.06887052341597791
0 0.9405991735537191 0.35123966942148754 0.03873966942148755 0.06336088154269973
0 0.9398243801652894 0.3037190082644628 0.032541322314049666 0.017906336088154225
2 0.5063274793388429 0.3911845730027548 0.03486570247933884 0.06611570247933883
2 0.5489411157024793 0.3815426997245179 0.04261363636363633 0.06887052341597794
2 0.5942665289256197 0.37052341597796135 0.03564049586776861 0.06336088154269973
1 0.4664256198347107 0.37465564738292 0.030991735537190052 0.07162534435261705
1 0.6326188016528925 0.3670798898071625 0.03486570247933884 0.081267217630854
1 0.4912190082644628 0.32713498622589526 0.023243801652892557 0.02617079889807158
1 0.5163997933884298 0.3388429752066115 0.0255681818181818 0.022038567493112993
1 0.5721849173553718 0.31060606060606055 0.019369834710743702 0.028925619834710793
1 0.5415805785123966 0.2961432506887052 0.02634297520661171 0.019283746556473816
2 0.437370867768595 0.36225895316804396 0.0255681818181818 0.07713498622589533
2 0.41451446280991733 0.34366391184573 0.012396694214875978 0.06198347107438021
2 0.599690082644628 0.3188705234159779 0.02944214876033058 0.01790633608815419
2 0.559013429752066 0.33195592286501374 0.0255681818181818 0.022038567493112993
2 0.5380940082644627 0.3223140495867768 0.025568181818181726 0.022038567493112993
2 0.5090392561983471 0.3044077134986225 0.026342975206611642 0.027548209366391206
2 0.46720041322314043 0.3119834710743801 0.03409090909090907 0.023415977961432438
