1 0.23400473933649288 0.2843601895734597 0.0627962085308057 0.10953133228014743
1 0.23696682464454974 0.37704054765666145 0.05450236966824644 0.0968931016324381
0 0.23341232227488148 0.46024223275408105 0.06161137440758292 0.1032122169562927
0 0.43838862559241704 0.3043707214323328 0.0663507109004739 0.1032122169562928
1 0.44194312796208535 0.39599789362822535 0.05687203791469195 0.10531858873091103
1 0.44075829383886256 0.4897314375987362 0.0639810426540285 0.09478672985781991
0 0.6587677725118484 0.3243812532912059 0.06872037914691936 0.1137440758293839
1 0.6670616113744076 0.42127435492364407 0.06161137440758289 0.1137440758293839
1 0.6534360189573456 0.5286993154291735 0.058056872037915236 0.10953133228014782
1 0.9348341232227487 0.3549236440231688 0.07109004739336407 0.11585044760400215
0 0.9010663507109004 0.450763559768299 0.06516587677725127 0.12216956292785675
0 0.9117298578199052 0.555028962611901 0.06990521327014221 0.11585044760400215
