2 0.49659863945578225 0.7331821617535903 0.13605442176870747 0.2448979591836735
2 0.6173469387755104 0.6742252456538174 0.13605442176870763 0.235827664399093
2 0.7236394557823129 0.5986394557823133 0.13435374149659873 0.2176870748299323
2 0.8273809523809524 0.5336356764928193 0.12414965986394563 0.21466364323507178
2 0.766156462585034 0.3356009070294785 0.11054421768707465 0.18745275888133034
2 0.6794217687074833 0.4081632653061223 0.12074829931972798 0.19954648526077082
2 0.5773809523809522 0.47165532879818595 0.12414965986394565 0.1934996220710505
2 0.6437074829931975 0.2448979591836735 0.10714285714285725 0.1753590325018896
2 0.7227891156462589 0.17384731670445952 0.10204081632653084 0.14210128495842778
2 0.6709183673469385 0.06802721088435376 0.10034013605442181 0.1300075585789872
0 0.46173469387755106 0.5215419501133787 0.11734693877551024 0.2086167800453515
0 0.43197278911564624 0.35222978080120937 0.11904761904761905 0.19652305366591083
0 0.538265306122449 0.2857142857142857 0.10714285714285716 0.2025699168556312
0 0.38605442176870747 0.19047619047619047 0.10884353741496597 0.18745275888133028
0 0.4880952380952381 0.14814814814814814 0.10884353741496597 0.1753590325018896
0 0.5790816326530612 0.09674981103552532 0.10034013605442188 0.17535903250188967
