0 0.4124149659863946 0.328042328042328 0.09353741496598644 0.1662887377173092
0 0.5110544217687073 0.34013605442176853 0.0935374149659863 0.17233560090702937
0 0.601190476190476 0.34769463340891915 0.09693877551020416 0.1693121693121694
0 0.5102040816326531 0.23280423280423285 0.08503401360544217 0.10279667422524569
0 0.42517006802721097 0.22675736961451265 0.08163265306122466 0.09674981103552532
0 0.4345238095238094 0.17687074829931976 0.07993197278911571 0.0876795162509448
2 0.6981292517006803 0.37188208616780044 0.0935374149659864 0.1693121693121693
2 0.6989795918367346 0.26152683295540435 0.0884353741496598 0.09372637944066513
2 0.6904761904761907 0.20408163265306117 0.08503401360544217 0.0876795162509448
2 0.6853741496598635 0.14965986394557826 0.07823129251700678 0.07558578987150415
2 0.6088435374149658 0.25699168556311397 0.08843537414965981 0.10884353741496593
2 0.6071428571428574 0.18745275888133026 0.07823129251700674 0.09070294784580497
2 0.598639455782313 0.13303099017384734 0.07142857142857151 0.07256235827664402
2 0.528061224489796 0.17687074829931973 0.07653061224489796 0.09372637944066513
2 0.5229591836734692 0.1254724111866969 0.06972789115646247 0.07558578987150416
2 0.44982993197278914 0.12698412698412695 0.06972789115646265 0.09070294784580493
