1 0.09182464454976304 0.28330700368615064 0.06753554502369667 0.12006319115323852
1 0.10071090047393366 0.37704054765666145 0.061611374407582936 0.11795681937862035
0 0.096563981042654 0.47919957872564545 0.06042654028436015 0.10321221695629325
0 0.3127962085308057 0.3022643496577146 0.06635071090047397 0.1032122169562928
1 0.3187203791469194 0.3907319641916798 0.06161137440758289 0.09478672985781991
1 0.3181279620853081 0.4949973670352817 0.06279620853080563 0.11374407582938396
0 0.5349526066350712 0.315955766192733 0.06279620853080572 0.11374407582938392
1 0.5396919431279621 0.4149552395997894 0.06279620853080572 0.09268035808320164
1 0.533175355450237 0.5107951553449184 0.06398104265402836 0.10321221695629283
1 0.792654028436019 0.33807266982622436 0.0663507109004739 0.11585044760400215
0 0.7618483412322274 0.4254870984728805 0.06635071090047404 0.11795681937862035
0 0.7731042654028437 0.5276461295418641 0.06753554502369681 0.12006319115323848
