2 0.7066326530612242 0.8178382464096751 0.1377551020408162 0.25699168556311464
2 0.5680272108843539 0.8042328042328042 0.14285714285714277 0.2539682539682539
2 0.5476190476190474 0.5789871504157221 0.13265306122448983 0.22675736961451265
2 0.42431972789115663 0.748299319727891 0.1445578231292515 0.2509448223733938
2 0.42261904761904745 0.5154950869236585 0.13095238095238093 0.21466364323507198
2 0.43282312925170074 0.3250188964474679 0.12074829931972798 0.1783824640967499
2 0.2653061224489796 0.6999244142101289 0.14285714285714285 0.24489795918367366
2 0.2933673469387756 0.4777021919879064 0.12414965986394563 0.21164021164021174
2 0.3112244897959184 0.2887377173091458 0.1224489795918367 0.18442932728647005
2 0.34098639455782304 0.13151927437641725 0.10374149659863932 0.16628873771730915
0 0.7040816326530613 0.5865457294028722 0.13265306122448983 0.22978080120937258
0 0.6930272108843536 0.3869992441421013 0.1173469387755101 0.2055933484504913
0 0.5705782312925171 0.3779289493575208 0.12074829931972786 0.19954648526077098
0 0.6879251700680276 0.2055933484504913 0.11394557823129264 0.1753590325018897
0 0.562925170068027 0.19047619047619047 0.11224489795918363 0.1753590325018896
0 0.4506802721088433 0.15873015873015875 0.11224489795918355 0.17838246409674985
