2 0.7023809523809524 0.8541194255479967 0.1462585034013605 0.25699168556311375
2 0.7474489795918368 0.6137566137566138 0.13095238095238101 0.23582766439909306
2 0.7857142857142858 0.42630385487528344 0.12244897959183669 0.2116402116402116
2 0.7967687074829927 0.24792139077853342 0.12074829931972722 0.16931216931216914
2 0.5680272108843539 0.7724867724867724 0.1360544217687075 0.25699168556311425
2 0.6181972789115646 0.563869992441421 0.13095238095238096 0.2328042328042328
2 0.6641156462585033 0.3824640967498111 0.1173469387755101 0.20256991685563114
2 0.43197278911564607 0.6953892668178383 0.13605442176870744 0.24187452758881384
2 0.4897959183673468 0.4928193499622071 0.12925170068027206 0.22373393801965227
2 0.3112244897959183 0.6046863189720328 0.13265306122448983 0.24187452758881325
0 0.3741496598639456 0.417233560090703 0.12925170068027209 0.22978080120937258
0 0.4260204081632653 0.24338624338624337 0.12074829931972786 0.20256991685563114
0 0.5552721088435374 0.29931972789115646 0.1207482993197282 0.2116402116402116
0 0.6870748299319724 0.19198790627362058 0.11564625850340131 0.19047619047619047
0 0.5756802721088435 0.13000755857898716 0.11394557823129262 0.17535903250188967
0 0.4685374149659864 0.08465608465608465 0.11054421768707484 0.1693121693121693
