2 0.8001700680272108 0.7301587301587301 0.13775510204081642 0.2388510959939532
2 0.778061224489796 0.4928193499622071 0.12755102040816324 0.21164021164021166
2 0.7610544217687075 0.30990173847316704 0.11394557823129248 0.1783824640967498
2 0.7304421768707487 0.15873015873015872 0.10714285714285701 0.17233560090702946
2 0.66156462585034 0.3356009070294785 0.11564625850340143 0.18745275888133034
2 0.6632653061224487 0.5275888133030986 0.12244897959183669 0.20861678004535109
2 0.6751700680272106 0.7392290249433107 0.13265306122448983 0.23280423280423265
2 0.5408163265306122 0.5366591080876791 0.12244897959183683 0.21466364323507142
2 0.5493197278911562 0.7603930461073317 0.13945578231292516 0.2388510959939532
2 0.40986394557823125 0.7573696145124716 0.13265306122448972 0.2328042328042329
0 0.41921768707483 0.5381708238851096 0.1275510204081632 0.21164021164021168
0 0.4209183673469388 0.3507180650037792 0.12074829931972791 0.19349962207105062
0 0.5467687074829932 0.3250188964474679 0.11734693877551028 0.1965230536659108
0 0.6292517006802721 0.15721844293272863 0.10544217687074829 0.17535903250188967
0 0.5212585034013604 0.16780045351473924 0.10714285714285707 0.17838246409674985
0 0.4132653061224489 0.1693121693121693 0.11224489795918365 0.18745275888133028
