0 0.6615646258503404 0.32501889644746784 0.09863945578231298 0.18442932728647016
0 0.5637755102040817 0.3204837490551776 0.0935374149659863 0.18140589569161
0 0.5518707482993197 0.20105820105820102 0.09013605442176859 0.10582010582010576
0 0.46003401360544216 0.3204837490551776 0.09353741496598637 0.16931216931216933
0 0.46428571428571436 0.21466364323507178 0.08843537414966005 0.10279667422524563
0 0.4608843537414966 0.14663643235071805 0.08503401360544217 0.09372637944066517
2 0.7602040816326527 0.3356009070294785 0.09523809523809511 0.18140589569160995
2 0.7491496598639452 0.22524565381708242 0.09353741496598644 0.10582010582010587
2 0.6539115646258503 0.2207105064247922 0.09353741496598644 0.12093726379440671
2 0.7278911564625852 0.15570672713529857 0.0884353741496598 0.09372637944066513
2 0.7134353741496596 0.09674981103552538 0.08333333333333329 0.0725623582766441
2 0.6428571428571432 0.14965986394557831 0.08503401360544238 0.0997732426303855
2 0.5578231292517005 0.14210128495842786 0.08163265306122437 0.09674981103552532
2 0.6232993197278911 0.0876795162509448 0.07312925170068012 0.07256235827664397
2 0.5433673469387754 0.09372637944066514 0.07653061224489793 0.09070294784580497
2 0.4693877551020407 0.0891912320483749 0.07482993197278916 0.08767951625094483
