1 0.2434834123222749 0.2706687730384413 0.06042654028436019 0.09478672985781987
1 0.24881516587677724 0.3559768299104792 0.056872037914691906 0.09268035808320171
0 0.24644549763033174 0.44971037388099 0.05687203791469195 0.10321221695629276
0 0.44905213270142186 0.2991047919957872 0.05687203791469195 0.10110584518167456
1 0.44786729857819907 0.3854660347551343 0.059241706161137414 0.09689310163243818
1 0.4466824644549763 0.4844655081621906 0.059241706161137414 0.1011058451816745
0 0.6635071090047393 0.31490258030542395 0.059241706161137414 0.10742496050552926
1 0.6688388625592416 0.4149552395997894 0.06279620853080566 0.10953133228014743
1 0.65521327014218 0.5129015271195366 0.0663507109004739 0.10321221695629283
1 0.9300947867298578 0.353870458135861 0.06872037914691945 0.11374407582938392
0 0.9004739336492891 0.44971037388098994 0.0639810426540285 0.11163770405476563
0 0.9052132701421801 0.5508162190626646 0.07109004739336484 0.09899947340705645
