0 0.7551020408163265 0.2962962962962963 0.09863945578231295 0.17535903250188967
0 0.6989795918367347 0.3567649281934996 0.09863945578231295 0.18745275888133026
0 0.6301020408163265 0.45200302343159476 0.10714285714285708 0.20256991685563114
0 0.6003401360544217 0.2766439909297052 0.09183673469387756 0.13000755857898713
0 0.5391156462585035 0.3794406651549509 0.09523809523809526 0.19047619047619047
0 0.46003401360544216 0.328042328042328 0.09353741496598637 0.1783824640967498
2 0.3945578231292518 0.27059712773998496 0.08503401360544224 0.16628873771730937
2 0.8129251700680272 0.2418745275888133 0.08503401360544217 0.1693121693121693
2 0.7355442176870747 0.16628873771730915 0.08333333333333329 0.11489040060468632
2 0.6794217687074828 0.21466364323507178 0.09013605442176856 0.12698412698412698
2 0.5331632653061225 0.21919879062736208 0.09013605442176868 0.1179138321995465
2 0.6020408163265306 0.16477702191987906 0.0850340136054421 0.09977324263038549
2 0.45833333333333326 0.18442932728647013 0.07653061224489781 0.10884353741496598
2 0.528061224489796 0.13000755857898713 0.08333333333333336 0.08465608465608464
2 0.6615646258503403 0.11337868480725626 0.07142857142857145 0.08163265306122451
2 0.5926870748299319 0.0891912320483749 0.07312925170068024 0.09372637944066513
